Selection	View	Channel	Begin Time (s)	End Time (s)	Low Freq (Hz)	High Freq (Hz)	Begin File	Tipo
1	Waveform 1	1	0.631055285	0.834153538	1031.900	4209.100	Procnias_averano-INAT304913026.wav	 2
1	Spectrogram 1	1	0.631055285	0.834153538	1031.900	4209.100	Procnias_averano-INAT304913026.wav	 2
2	Waveform 1	1	1.229777546	1.409301895	814.700	4263.400	Procnias_averano-INAT304913026.wav	2
2	Spectrogram 1	1	1.229777546	1.409301895	814.700	4263.400	Procnias_averano-INAT304913026.wav	2
3	Waveform 1	1	1.835819218	2.043983935	977.600	4915.100	Procnias_averano-INAT304913026.wav	2
3	Spectrogram 1	1	1.835819218	2.043983935	977.600	4915.100	Procnias_averano-INAT304913026.wav	2
5	Waveform 1	1	2.419847559	2.604812040	896.100	4806.500	Procnias_averano-INAT304913026.wav	2
5	Spectrogram 1	1	2.419847559	2.604812040	896.100	4806.500	Procnias_averano-INAT304913026.wav	2
6	Waveform 1	1	3.014635300	3.205039912	869.000	4426.300	Procnias_averano-INAT304913026.wav	2
6	Spectrogram 1	1	3.014635300	3.205039912	869.000	4426.300	Procnias_averano-INAT304913026.wav	2
7	Waveform 1	1	3.604851379	3.818829895	787.500	4860.800	Procnias_averano-INAT304913026.wav	2
7	Spectrogram 1	1	3.604851379	3.818829895	787.500	4860.800	Procnias_averano-INAT304913026.wav	2
8	Waveform 1	1	9.654179053	9.869970946	814.700	4534.900	Procnias_averano-INAT304913026.wav	2
8	Spectrogram 1	1	9.654179053	9.869970946	814.700	4534.900	Procnias_averano-INAT304913026.wav	2
9	Waveform 1	1	10.256901466	10.452746210	869.000	4670.700	Procnias_averano-INAT304913026.wav	2
9	Spectrogram 1	1	10.256901466	10.452746210	869.000	4670.700	Procnias_averano-INAT304913026.wav	2
10	Waveform 1	1	10.866130322	11.081922216	841.800	4643.500	Procnias_averano-INAT304913026.wav	2
10	Spectrogram 1	1	10.866130322	11.081922216	841.800	4643.500	Procnias_averano-INAT304913026.wav	2
11	Waveform 1	1	30.435164784	30.661836941	733.200	4507.800	Procnias_averano-INAT304913026.wav	2
11	Spectrogram 1	1	30.435164784	30.661836941	733.200	4507.800	Procnias_averano-INAT304913026.wav	2
12	Waveform 1	1	31.390814598	31.588472719	869.000	4752.200	Procnias_averano-INAT304913026.wav	2
12	Spectrogram 1	1	31.390814598	31.588472719	869.000	4752.200	Procnias_averano-INAT304913026.wav	2
13	Waveform 1	1	32.252905057	32.452376555	869.000	4752.200	Procnias_averano-INAT304913026.wav	2
13	Spectrogram 1	1	32.252905057	32.452376555	869.000	4752.200	Procnias_averano-INAT304913026.wav	2
14	Waveform 1	1	33.125259977	33.330171607	896.100	4263.400	Procnias_averano-INAT304913026.wav	2
14	Spectrogram 1	1	33.125259977	33.330171607	896.100	4263.400	Procnias_averano-INAT304913026.wav	2
15	Waveform 1	1	33.905321178	34.119299694	923.300	4643.500	Procnias_averano-INAT304913026.wav	2
15	Spectrogram 1	1	33.905321178	34.119299694	923.300	4643.500	Procnias_averano-INAT304913026.wav	2
16	Waveform 1	1	34.696260483	34.895731982	787.500	4969.400	Procnias_averano-INAT304913026.wav	2
16	Spectrogram 1	1	34.696260483	34.895731982	787.500	4969.400	Procnias_averano-INAT304913026.wav	2
17	Waveform 1	1	35.409851713	35.620203475	977.600	5132.300	Procnias_averano-INAT304913026.wav	2
17	Spectrogram 1	1	35.409851713	35.620203475	977.600	5132.300	Procnias_averano-INAT304913026.wav	2
18	Waveform 1	1	36.152084255	36.367876149	869.000	4643.500	Procnias_averano-INAT304913026.wav	2
18	Spectrogram 1	1	36.152084255	36.367876149	869.000	4643.500	Procnias_averano-INAT304913026.wav	2
19	Waveform 1	1	36.887810895	37.094535902	923.300	4480.600	Procnias_averano-INAT304913026.wav	2
19	Spectrogram 1	1	36.887810895	37.094535902	923.300	4480.600	Procnias_averano-INAT304913026.wav	2
20	Waveform 1	1	47.969409546	48.177947930	869.000	4616.400	Procnias_averano-INAT304913026.wav	2
20	Spectrogram 1	1	47.969409546	48.177947930	869.000	4616.400	Procnias_averano-INAT304913026.wav	2
21	Waveform 1	1	48.930624271	49.142789410	841.800	4317.700	Procnias_averano-INAT304913026.wav	2
21	Spectrogram 1	1	48.930624271	49.142789410	841.800	4317.700	Procnias_averano-INAT304913026.wav	2
22	Waveform 1	1	49.771154068	49.988759339	869.000	4697.800	Procnias_averano-INAT304913026.wav	2
22	Spectrogram 1	1	49.771154068	49.988759339	869.000	4697.800	Procnias_averano-INAT304913026.wav	2
23	Waveform 1	1	50.557398688	50.765937072	818.700	4311.800	Procnias_averano-INAT304913026.wav	2
23	Spectrogram 1	1	50.557398688	50.765937072	818.700	4311.800	Procnias_averano-INAT304913026.wav	2
24	Waveform 1	1	51.300883363	51.529368897	736.800	4584.700	Procnias_averano-INAT304913026.wav	2
24	Spectrogram 1	1	51.300883363	51.529368897	736.800	4584.700	Procnias_averano-INAT304913026.wav	2
25	Waveform 1	1	57.439251805	57.636909926	873.300	4803.000	Procnias_averano-INAT304913026.wav	2
25	Spectrogram 1	1	57.439251805	57.636909926	873.300	4803.000	Procnias_averano-INAT304913026.wav	2
26	Waveform 1	1	58.084686624	58.291411631	873.300	4393.600	Procnias_averano-INAT304913026.wav	2
26	Spectrogram 1	1	58.084686624	58.291411631	873.300	4393.600	Procnias_averano-INAT304913026.wav	2
27	Waveform 1	1	58.713928532	58.946040821	818.700	4530.100	Procnias_averano-INAT304913026.wav	2
27	Spectrogram 1	1	58.713928532	58.946040821	818.700	4530.100	Procnias_averano-INAT304913026.wav	2
28	Waveform 1	1	64.921073505	65.129611890	764.100	4530.100	Procnias_averano-INAT304913026.wav	2
28	Spectrogram 1	1	64.921073505	65.129611890	764.100	4530.100	Procnias_averano-INAT304913026.wav	2
29	Waveform 1	1	65.532181641	65.749786911	818.700	4502.800	Procnias_averano-INAT304913026.wav	2
29	Spectrogram 1	1	65.532181641	65.749786911	818.700	4502.800	Procnias_averano-INAT304913026.wav	2
30	Waveform 1	1	66.150034439	66.374893219	846.000	4257.200	Procnias_averano-INAT304913026.wav	2
30	Spectrogram 1	1	66.150034439	66.374893219	846.000	4257.200	Procnias_averano-INAT304913026.wav	2
31	Waveform 1	1	66.792840213	67.005005352	818.700	4557.400	Procnias_averano-INAT304913026.wav	2
31	Spectrogram 1	1	66.792840213	67.005005352	818.700	4557.400	Procnias_averano-INAT304913026.wav	2
