Selection	View	Channel	Begin Time (s)	End Time (s)	Low Freq (Hz)	High Freq (Hz)	Begin File	Tipo
1	Waveform 1	1	22.310909290	22.386701375	691.258	5376.450	Procnias_averano-ML76684661.wav	1
1	Spectrogram 1	1	22.310909290	22.386701375	691.258	5376.450	Procnias_averano-ML76684661.wav	1
4	Waveform 1	1	28.071916437	28.156129864	614.451	5683.676	Procnias_averano-ML76684661.wav	1
4	Spectrogram 1	1	28.071916437	28.156129864	614.451	5683.676	Procnias_averano-ML76684661.wav	1
5	Waveform 1	1	30.959843479	31.060899592	460.839	5376.450	Procnias_averano-ML76684661.wav	1
5	Spectrogram 1	1	30.959843479	31.060899592	460.839	5376.450	Procnias_averano-ML76684661.wav	1
6	Waveform 1	1	33.659938422	33.760994535	691.258	6682.159	Procnias_averano-ML76684661.wav	1
6	Spectrogram 1	1	33.659938422	33.760994535	691.258	6682.159	Procnias_averano-ML76684661.wav	1
2	Waveform 1	1	24.995903804	25.085731460	614.451	5376.450	Procnias_averano-ML76684661.wav	1
2	Spectrogram 1	1	24.995903804	25.085731460	614.451	5376.450	Procnias_averano-ML76684661.wav	1
7	Waveform 1	1	36.253351297	36.340371839	844.871	6605.353	Procnias_averano-ML76684661.wav	1
7	Spectrogram 1	1	36.253351297	36.340371839	844.871	6605.353	Procnias_averano-ML76684661.wav	1
8	Waveform 1	1	39.427641961	39.542733645	602.255	6424.050	Procnias_averano-ML76684661.wav	1
8	Spectrogram 1	1	39.427641961	39.542733645	602.255	6424.050	Procnias_averano-ML76684661.wav	1
9	Waveform 1	1	44.238081574	44.333523459	853.277	7214.072	Procnias_averano-ML76684661.wav	1
9	Spectrogram 1	1	44.238081574	44.333523459	853.277	7214.072	Procnias_averano-ML76684661.wav	1
10	Waveform 1	1	47.777186539	47.878242652	698.136	6826.219	Procnias_averano-ML76684661.wav	1
10	Spectrogram 1	1	47.777186539	47.878242652	698.136	6826.219	Procnias_averano-ML76684661.wav	1
11	Waveform 1	1	50.435250140	50.533499139	853.277	6671.078	Procnias_averano-ML76684661.wav	1
11	Spectrogram 1	1	50.435250140	50.533499139	853.277	6671.078	Procnias_averano-ML76684661.wav	1
12	Waveform 1	1	54.389648333	54.521582702	698.136	6671.078	Procnias_averano-ML76684661.wav	1
12	Spectrogram 1	1	54.389648333	54.521582702	698.136	6671.078	Procnias_averano-ML76684661.wav	1
13	Waveform 1	1	58.942054538	59.051531993	698.136	6748.648	Procnias_averano-ML76684661.wav	1
13	Spectrogram 1	1	58.942054538	59.051531993	698.136	6748.648	Procnias_averano-ML76684661.wav	1
14	Waveform 1	1	69.924215555	70.064571267	698.136	6748.648	Procnias_averano-ML76684661.wav	1
14	Spectrogram 1	1	69.924215555	70.064571267	698.136	6748.648	Procnias_averano-ML76684661.wav	1
15	Waveform 1	1	74.016511306	74.156867018	698.136	6748.648	Procnias_averano-ML76684661.wav	1
15	Spectrogram 1	1	74.016511306	74.156867018	698.136	6748.648	Procnias_averano-ML76684661.wav	1
16	Waveform 1	1	77.942709932	78.066222959	698.136	6671.078	Procnias_averano-ML76684661.wav	1
16	Spectrogram 1	1	77.942709932	78.066222959	698.136	6671.078	Procnias_averano-ML76684661.wav	1
