Selection	View	Channel	Begin Time (s)	End Time (s)	Low Freq (Hz)	High Freq (Hz)	Begin File	Tipo
1	Waveform 1	1	3.713264710	3.807783449	955.925	4269.798	Procnias_averano-ML646411320.wav	1
1	Spectrogram 1	1	3.713264710	3.807783449	955.925	4269.798	Procnias_averano-ML646411320.wav	1
2	Waveform 1	1	12.542039177	12.636557916	573.555	3951.156	Procnias_averano-ML646411320.wav	1
2	Spectrogram 1	1	12.542039177	12.636557916	573.555	3951.156	Procnias_averano-ML646411320.wav	1
3	Waveform 1	1	18.982360681	19.093175755	637.283	4397.254	Procnias_averano-ML646411320.wav	1
3	Spectrogram 1	1	18.982360681	19.093175755	637.283	4397.254	Procnias_averano-ML646411320.wav	1
4	Waveform 1	1	26.107125288	26.217940362	637.283	3951.156	Procnias_averano-ML646411320.wav	1
4	Spectrogram 1	1	26.107125288	26.217940362	637.283	3951.156	Procnias_averano-ML646411320.wav	1
5	Waveform 1	1	39.367884233	39.475440039	637.283	4397.254	Procnias_averano-ML646411320.wav	1
5	Spectrogram 1	1	39.367884233	39.475440039	637.283	4397.254	Procnias_averano-ML646411320.wav	1
6	Waveform 1	1	49.738922524	49.856256132	892.197	1975.578	Procnias_averano-ML646411320.wav	2
6	Spectrogram 1	1	49.738922524	49.856256132	892.197	1975.578	Procnias_averano-ML646411320.wav	2
7	Waveform 1	1	50.690628451	50.794924991	1083.382	2039.306	Procnias_averano-ML646411320.wav	2
7	Spectrogram 1	1	50.690628451	50.794924991	1083.382	2039.306	Procnias_averano-ML646411320.wav	2
8	Waveform 1	1	51.550417950	51.687307158	1083.382	1656.936	Procnias_averano-ML646411320.wav	2
8	Spectrogram 1	1	51.550417950	51.687307158	1083.382	1656.936	Procnias_averano-ML646411320.wav	2
9	Waveform 1	1	52.371753202	52.482568276	1019.653	1784.393	Procnias_averano-ML646411320.wav	2
9	Spectrogram 1	1	52.371753202	52.482568276	1019.653	1784.393	Procnias_averano-ML646411320.wav	2
10	Waveform 1	1	53.817359234	53.928174308	892.197	1848.121	Procnias_averano-ML646411320.wav	2
10	Spectrogram 1	1	53.817359234	53.928174308	892.197	1848.121	Procnias_averano-ML646411320.wav	2
11	Waveform 1	1	54.433360673	54.566990615	1083.382	1848.121	Procnias_averano-ML646411320.wav	2
11	Spectrogram 1	1	54.433360673	54.566990615	1083.382	1848.121	Procnias_averano-ML646411320.wav	2
12	Waveform 1	1	55.085214048	55.199288389	1019.653	2166.763	Procnias_averano-ML646411320.wav	2
12	Spectrogram 1	1	55.085214048	55.199288389	1019.653	2166.763	Procnias_averano-ML646411320.wav	2
13	Waveform 1	1	56.256968970	56.384080378	764.740	1848.121	Procnias_averano-ML646411320.wav	2
13	Spectrogram 1	1	56.256968970	56.384080378	764.740	1848.121	Procnias_averano-ML646411320.wav	2
14	Waveform 1	1	56.824081406	56.947933547	955.925	1848.121	Procnias_averano-ML646411320.wav	2
14	Spectrogram 1	1	56.824081406	56.947933547	955.925	1848.121	Procnias_averano-ML646411320.wav	2
15	Waveform 1	1	57.394453109	57.515045983	955.925	1848.121	Procnias_averano-ML646411320.wav	2
15	Spectrogram 1	1	57.394453109	57.515045983	955.925	1848.121	Procnias_averano-ML646411320.wav	2
16	Waveform 1	1	57.972466010	58.096318152	892.197	1911.850	Procnias_averano-ML646411320.wav	2
16	Spectrogram 1	1	57.972466010	58.096318152	892.197	1911.850	Procnias_averano-ML646411320.wav	2
17	Waveform 1	1	59.078974668	59.199567542	1083.382	1848.121	Procnias_averano-ML646411320.wav	2
17	Spectrogram 1	1	59.078974668	59.199567542	1083.382	1848.121	Procnias_averano-ML646411320.wav	2
18	Waveform 1	1	59.600457368	59.766679978	955.925	1848.121	Procnias_averano-ML646411320.wav	2
18	Spectrogram 1	1	59.600457368	59.766679978	955.925	1848.121	Procnias_averano-ML646411320.wav	2
