Selection	View	Channel	Begin Time (s)	End Time (s)	Low Freq (Hz)	High Freq (Hz)	Begin File	Tipo
1	Waveform 1	1	1.196150943	1.333040151	892.197	3759.971	Procnias_averano-XC1035617.wav	1
1	Spectrogram 1	1	1.196150943	1.333040151	892.197	3759.971	Procnias_averano-XC1035617.wav	1
2	Waveform 1	1	8.301323373	8.444731115	744.018	3449.540	Procnias_averano-XC1035617.wav	1
2	Spectrogram 1	1	8.301323373	8.444731115	744.018	3449.540	Procnias_averano-XC1035617.wav	1
3	Waveform 1	1	15.963374375	16.103522851	1014.571	2840.798	Procnias_averano-XC1035617.wav	1
3	Spectrogram 1	1	15.963374375	16.103522851	1014.571	2840.798	Procnias_averano-XC1035617.wav	1
4	Waveform 1	1	18.650134472	18.770727346	934.322	3238.983	Procnias_averano-XC1035617.wav	1
4	Spectrogram 1	1	18.650134472	18.770727346	934.322	3238.983	Procnias_averano-XC1035617.wav	1
5	Waveform 1	1	22.405706715	22.526299590	751.705	3194.744	Procnias_averano-XC1035617.wav	1
5	Spectrogram 1	1	22.405706715	22.526299590	751.705	3194.744	Procnias_averano-XC1035617.wav	1
6	Waveform 1	1	25.054266448	25.174859322	1002.273	3445.312	Procnias_averano-XC1035617.wav	1
6	Spectrogram 1	1	25.054266448	25.174859322	1002.273	3445.312	Procnias_averano-XC1035617.wav	1
7	Waveform 1	1	28.733053877	28.860165285	751.705	3320.028	Procnias_averano-XC1035617.wav	1
7	Spectrogram 1	1	28.733053877	28.860165285	751.705	3320.028	Procnias_averano-XC1035617.wav	1
8	Waveform 1	1	32.418289151	32.551919093	876.989	3445.312	Procnias_averano-XC1035617.wav	1
8	Spectrogram 1	1	32.418289151	32.551919093	876.989	3445.312	Procnias_averano-XC1035617.wav	1
9	Waveform 1	1	34.474115799	34.624042075	814.347	3507.955	Procnias_averano-XC1035617.wav	1
9	Spectrogram 1	1	34.474115799	34.624042075	814.347	3507.955	Procnias_averano-XC1035617.wav	1
10	Waveform 1	1	42.314744317	42.442345928	751.705	2255.114	Procnias_averano-XC1035617.wav	3a
10	Spectrogram 1	1	42.314744317	42.442345928	751.705	2255.114	Procnias_averano-XC1035617.wav	3a
11	Waveform 1	1	42.960079158	43.089715085	689.062	2129.830	Procnias_averano-XC1035617.wav	3a
11	Spectrogram 1	1	42.960079158	43.089715085	689.062	2129.830	Procnias_averano-XC1035617.wav	3a
12	Waveform 1	1	43.634747401	43.842021702	814.347	2380.398	Procnias_averano-XC1035617.wav	3a
12	Spectrogram 1	1	43.634747401	43.842021702	814.347	2380.398	Procnias_averano-XC1035617.wav	3a
13	Waveform 1	1	50.672686718	50.803057393	876.989	3445.312	Procnias_averano-XC1035617.wav	1
13	Spectrogram 1	1	50.672686718	50.803057393	876.989	3445.312	Procnias_averano-XC1035617.wav	1
14	Waveform 1	1	52.134573944	52.281449870	876.989	2380.398	Procnias_averano-XC1035617.wav	3a
14	Spectrogram 1	1	52.134573944	52.281449870	876.989	2380.398	Procnias_averano-XC1035617.wav	3a
15	Waveform 1	1	52.750575383	52.915857689	689.062	2505.682	Procnias_averano-XC1035617.wav	3a
15	Spectrogram 1	1	52.750575383	52.915857689	689.062	2505.682	Procnias_averano-XC1035617.wav	3a
16	Waveform 1	1	61.336959387	61.509700531	876.989	3257.386	Procnias_averano-XC1035617.wav	1
16	Spectrogram 1	1	61.336959387	61.509700531	876.989	3257.386	Procnias_averano-XC1035617.wav	1
17	Waveform 1	1	64.525651582	64.654778837	939.631	2018.662	Procnias_averano-XC1035617.wav	3a
17	Spectrogram 1	1	64.525651582	64.654778837	939.631	2018.662	Procnias_averano-XC1035617.wav	3a
18	Waveform 1	1	65.194483608	65.325679141	814.347	2255.114	Procnias_averano-XC1035617.wav	3a
18	Spectrogram 1	1	65.194483608	65.325679141	814.347	2255.114	Procnias_averano-XC1035617.wav	3a
19	Waveform 1	1	74.043273940	74.163866814	689.062	3507.955	Procnias_averano-XC1035617.wav	1
19	Spectrogram 1	1	74.043273940	74.163866814	689.062	3507.955	Procnias_averano-XC1035617.wav	1
20	Waveform 1	1	81.641963858	81.769075266	1002.273	3320.028	Procnias_averano-XC1035617.wav	1
20	Spectrogram 1	1	81.641963858	81.769075266	1002.273	3320.028	Procnias_averano-XC1035617.wav	1
21	Waveform 1	1	43.895356873	44.089047756	854.049	2717.430	Procnias_averano-XC1035617.wav	3b
21	Spectrogram 1	1	43.895356873	44.089047756	854.049	2717.430	Procnias_averano-XC1035617.wav	3b
23	Waveform 1	1	43.165507169	43.345162481	621.127	2329.225	Procnias_averano-XC1035617.wav	3b
23	Spectrogram 1	1	43.165507169	43.345162481	621.127	2329.225	Procnias_averano-XC1035617.wav	3b
25	Waveform 1	1	42.504102441	42.666915067	854.049	2406.866	Procnias_averano-XC1035617.wav	3b
25	Spectrogram 1	1	42.504102441	42.666915067	854.049	2406.866	Procnias_averano-XC1035617.wav	3b
26	Waveform 1	1	35.905183856	36.087646282	543.486	2950.352	Procnias_averano-XC1035617.wav	3a
26	Spectrogram 1	1	35.905183856	36.087646282	543.486	2950.352	Procnias_averano-XC1035617.wav	3a
27	Waveform 1	1	36.152209910	36.379586164	698.768	2795.070	Procnias_averano-XC1035617.wav	3b
27	Spectrogram 1	1	36.152209910	36.379586164	698.768	2795.070	Procnias_averano-XC1035617.wav	3b
28	Waveform 1	1	36.635033560	36.834338671	776.408	2950.352	Procnias_averano-XC1035617.wav	3a
28	Spectrogram 1	1	36.635033560	36.834338671	776.408	2950.352	Procnias_averano-XC1035617.wav	3a
29	Waveform 1	1	36.882059613	37.126278552	621.127	2484.507	Procnias_averano-XC1035617.wav	3b
29	Spectrogram 1	1	36.882059613	37.126278552	621.127	2484.507	Procnias_averano-XC1035617.wav	3b
30	Waveform 1	1	37.435758354	37.637870580	621.127	2484.507	Procnias_averano-XC1035617.wav	3a
30	Spectrogram 1	1	37.435758354	37.637870580	621.127	2484.507	Procnias_averano-XC1035617.wav	3a
31	Waveform 1	1	37.685591522	37.870861062	621.127	2406.866	Procnias_averano-XC1035617.wav	3b
31	Spectrogram 1	1	37.685591522	37.870861062	621.127	2406.866	Procnias_averano-XC1035617.wav	3b
32	Waveform 1	1	38.092623087	38.272278399	543.486	2950.352	Procnias_averano-XC1035617.wav	3a
32	Spectrogram 1	1	38.092623087	38.272278399	543.486	2950.352	Procnias_averano-XC1035617.wav	3a
33	Waveform 1	1	38.322806455	38.564218280	543.486	2639.789	Procnias_averano-XC1035617.wav	3b
33	Spectrogram 1	1	38.322806455	38.564218280	543.486	2639.789	Procnias_averano-XC1035617.wav	3b
35	Waveform 1	1	52.323556583	52.500404781	776.408	2717.430	Procnias_averano-XC1035617.wav	3b
35	Spectrogram 1	1	52.323556583	52.500404781	776.408	2717.430	Procnias_averano-XC1035617.wav	3b
36	Waveform 1	1	52.963578631	53.190954885	543.486	2562.148	Procnias_averano-XC1035617.wav	3b
36	Spectrogram 1	1	52.963578631	53.190954885	543.486	2562.148	Procnias_averano-XC1035617.wav	3b
37	Waveform 1	1	53.446402281	53.589565107	854.049	2639.789	Procnias_averano-XC1035617.wav	3a
37	Spectrogram 1	1	53.446402281	53.589565107	854.049	2639.789	Procnias_averano-XC1035617.wav	3a
38	Waveform 1	1	53.626057592	53.870276532	854.049	2562.148	Procnias_averano-XC1035617.wav	3b
38	Spectrogram 1	1	53.626057592	53.870276532	854.049	2562.148	Procnias_averano-XC1035617.wav	3b
39	Waveform 1	1	63.175429631	63.312978228	776.408	2717.430	Procnias_averano-XC1035617.wav	3a
39	Spectrogram 1	1	63.175429631	63.312978228	776.408	2717.430	Procnias_averano-XC1035617.wav	3a
40	Waveform 1	1	63.380348970	63.582461196	698.768	2795.070	Procnias_averano-XC1035617.wav	3b
40	Spectrogram 1	1	63.380348970	63.582461196	698.768	2795.070	Procnias_averano-XC1035617.wav	3b
41	Waveform 1	1	63.843522821	63.986685647	854.049	2795.070	Procnias_averano-XC1035617.wav	3a
41	Spectrogram 1	1	63.843522821	63.986685647	854.049	2795.070	Procnias_averano-XC1035617.wav	3a
42	Waveform 1	1	64.034406589	64.200026330	854.049	2562.148	Procnias_averano-XC1035617.wav	3b
42	Spectrogram 1	1	64.034406589	64.200026330	854.049	2562.148	Procnias_averano-XC1035617.wav	3b
43	Waveform 1	1	64.710921122	64.907419119	776.408	2406.866	Procnias_averano-XC1035617.wav	3b
43	Spectrogram 1	1	64.710921122	64.907419119	776.408	2406.866	Procnias_averano-XC1035617.wav	3b
44	Waveform 1	1	65.373400084	65.564283852	621.127	2329.225	Procnias_averano-XC1035617.wav	3b
44	Spectrogram 1	1	65.373400084	65.564283852	621.127	2329.225	Procnias_averano-XC1035617.wav	3b
45	Waveform 1	1	66.568015242	66.750477668	854.049	2329.225	Procnias_averano-XC1035617.wav	3a
45	Spectrogram 1	1	66.568015242	66.750477668	854.049	2329.225	Procnias_averano-XC1035617.wav	3a
46	Waveform 1	1	66.801005724	67.019960635	776.408	2484.507	Procnias_averano-XC1035617.wav	3b
46	Spectrogram 1	1	66.801005724	67.019960635	776.408	2484.507	Procnias_averano-XC1035617.wav	3b
47	Waveform 1	1	67.286636488	67.480327371	698.768	2872.711	Procnias_averano-XC1035617.wav	3a
47	Spectrogram 1	1	67.286636488	67.480327371	698.768	2872.711	Procnias_averano-XC1035617.wav	3a
48	Waveform 1	1	67.519626971	67.676825368	698.768	2795.070	Procnias_averano-XC1035617.wav	3b
48	Spectrogram 1	1	67.519626971	67.676825368	698.768	2795.070	Procnias_averano-XC1035617.wav	3b
49	Waveform 1	1	65.961678565	66.104841392	854.049	2950.352	Procnias_averano-XC1035617.wav	3a
49	Spectrogram 1	1	65.961678565	66.104841392	854.049	2950.352	Procnias_averano-XC1035617.wav	3a
50	Waveform 1	1	66.177826362	66.424852415	854.049	2795.070	Procnias_averano-XC1035617.wav	3b
50	Spectrogram 1	1	66.177826362	66.424852415	854.049	2795.070	Procnias_averano-XC1035617.wav	3b
