Selection	View	Channel	Begin Time (s)	End Time (s)	Low Freq (Hz)	High Freq (Hz)	Begin File	Tipo	Occupancy
1	Waveform 1	1	0.772052154	0.928786848	1000.000	3000.000	Procnias_averano-XC214713.wav	2	0.8148
1	Spectrogram 1	1	0.772052154	0.928786848	1000.000	3000.000	Procnias_averano-XC214713.wav	2	0.8148
2	Waveform 1	1	1.300306122	1.398990930	1000.000	3000.000	Procnias_averano-XC214713.wav	2	0.9412
2	Spectrogram 1	1	1.300306122	1.398990930	1000.000	3000.000	Procnias_averano-XC214713.wav	2	0.9412
5	Waveform 1	1	1.828560091	1.996904762	1000.000	3000.000	Procnias_averano-XC214713.wav	2	0.7586
5	Spectrogram 1	1	1.828560091	1.996904762	1000.000	3000.000	Procnias_averano-XC214713.wav	2	0.7586
6	Waveform 1	1	2.908287982	2.995362812	1000.000	3000.000	Procnias_averano-XC214713.wav	2	0.9333
6	Spectrogram 1	1	2.908287982	2.995362812	1000.000	3000.000	Procnias_averano-XC214713.wav	2	0.9333
7	Waveform 1	1	3.384297052	3.506201814	1000.000	3000.000	Procnias_averano-XC214713.wav	2	0.8095
7	Spectrogram 1	1	3.384297052	3.506201814	1000.000	3000.000	Procnias_averano-XC214713.wav	2	0.8095
11	Waveform 1	1	3.924160998	4.278265306	1000.000	3000.000	Procnias_averano-XC214713.wav	2	0.7049
11	Spectrogram 1	1	3.924160998	4.278265306	1000.000	3000.000	Procnias_averano-XC214713.wav	2	0.7049
12	Waveform 1	1	4.986473923	5.375408163	1000.000	3000.000	Procnias_averano-XC214713.wav	2	0.7463
12	Spectrogram 1	1	4.986473923	5.375408163	1000.000	3000.000	Procnias_averano-XC214713.wav	2	0.7463
24	Waveform 1	1	35.613594104	35.851598639	1000.000	3000.000	Procnias_averano-XC214713.wav	2	0.7561
24	Spectrogram 1	1	35.613594104	35.851598639	1000.000	3000.000	Procnias_averano-XC214713.wav	2	0.7561
27	Waveform 1	1	36.112823129	36.194092971	1000.000	3000.000	Procnias_averano-XC214713.wav	2	0.8571
27	Spectrogram 1	1	36.112823129	36.194092971	1000.000	3000.000	Procnias_averano-XC214713.wav	2	0.8571
28	Waveform 1	1	36.641077098	36.797811791	1000.000	3000.000	Procnias_averano-XC214713.wav	2	0.7037
28	Spectrogram 1	1	36.641077098	36.797811791	1000.000	3000.000	Procnias_averano-XC214713.wav	2	0.7037
29	Waveform 1	1	37.169331066	37.268015873	1000.000	3000.000	Procnias_averano-XC214713.wav	2	0.9412
29	Spectrogram 1	1	37.169331066	37.268015873	1000.000	3000.000	Procnias_averano-XC214713.wav	2	0.9412
33	Waveform 1	1	38.254863946	38.318718821	1000.000	3000.000	Procnias_averano-XC214713.wav	2	0.9091
33	Spectrogram 1	1	38.254863946	38.318718821	1000.000	3000.000	Procnias_averano-XC214713.wav	2	0.9091
34	Waveform 1	1	38.783117914	38.852777778	1000.000	3000.000	Procnias_averano-XC214713.wav	2	0.9167
34	Spectrogram 1	1	38.783117914	38.852777778	1000.000	3000.000	Procnias_averano-XC214713.wav	2	0.9167
37	Waveform 1	1	39.822210884	39.920895692	1000.000	3000.000	Procnias_averano-XC214713.wav	2	0.9412
37	Spectrogram 1	1	39.822210884	39.920895692	1000.000	3000.000	Procnias_averano-XC214713.wav	2	0.9412
40	Waveform 1	1	42.492505669	42.515725624	1000.000	3000.000	Procnias_averano-XC214713.wav	2	0.7500
40	Spectrogram 1	1	42.492505669	42.515725624	1000.000	3000.000	Procnias_averano-XC214713.wav	2	0.7500
41	Waveform 1	1	44.100487528	44.164342404	1000.000	3000.000	Procnias_averano-XC214713.wav	2	0.8182
41	Spectrogram 1	1	44.100487528	44.164342404	1000.000	3000.000	Procnias_averano-XC214713.wav	2	0.8182
45	Waveform 1	1	31.540237167	31.714278250	902.632	3997.368	Procnias_averano-XC214713.wav	1	
45	Spectrogram 1	1	31.540237167	31.714278250	902.632	3997.368	Procnias_averano-XC214713.wav	1	
46	Waveform 1	1	21.646156729	21.783705327	967.105	4061.842	Procnias_averano-XC214713.wav	1	
46	Spectrogram 1	1	21.646156729	21.783705327	967.105	4061.842	Procnias_averano-XC214713.wav	1	
47	Waveform 1	1	12.688667240	12.817794495	709.211	4384.211	Procnias_averano-XC214713.wav	1	
47	Spectrogram 1	1	12.688667240	12.817794495	709.211	4384.211	Procnias_averano-XC214713.wav	1	
