Selection	View	Channel	Begin Time (s)	End Time (s)	Low Freq (Hz)	High Freq (Hz)	Begin File	Tipo
1	Waveform 1	1	1.128459926	1.235130267	731.517	5068.365	Procnias_averano-ML629508462.wav	1
1	Spectrogram 1	1	1.128459926	1.235130267	731.517	5068.365	Procnias_averano-ML629508462.wav	1
2	Waveform 1	1	3.418925053	3.525595395	836.019	5329.621	Procnias_averano-ML629508462.wav	1
2	Spectrogram 1	1	3.418925053	3.525595395	836.019	5329.621	Procnias_averano-ML629508462.wav	1
3	Waveform 1	1	8.178628886	8.288106342	985.976	3899.085	Procnias_averano-ML629508462.wav	1
3	Spectrogram 1	1	8.178628886	8.288106342	985.976	3899.085	Procnias_averano-ML629508462.wav	1
4	Waveform 1	1	8.810229591	8.947778189	672.256	5288.415	Procnias_averano-ML629508462.wav	1
4	Spectrogram 1	1	8.810229591	8.947778189	672.256	5288.415	Procnias_averano-ML629508462.wav	1
5	Waveform 1	1	12.768909503	12.864351387	806.707	5467.683	Procnias_averano-ML629508462.wav	1
5	Spectrogram 1	1	12.768909503	12.864351387	806.707	5467.683	Procnias_averano-ML629508462.wav	1
6	Waveform 1	1	30.210525206	30.314388433	582.622	5019.512	Procnias_averano-ML629508462.wav	1
6	Spectrogram 1	1	30.210525206	30.314388433	582.622	5019.512	Procnias_averano-ML629508462.wav	1
7	Waveform 1	1	16.382104576	16.491582032	941.159	4033.537	Procnias_averano-ML629508462.wav	2
7	Spectrogram 1	1	16.382104576	16.491582032	941.159	4033.537	Procnias_averano-ML629508462.wav	2
8	Waveform 1	1	17.468457789	17.600392158	985.976	3809.451	Procnias_averano-ML629508462.wav	2
8	Spectrogram 1	1	17.468457789	17.600392158	985.976	3809.451	Procnias_averano-ML629508462.wav	2
9	Waveform 1	1	18.335856090	18.456562003	851.524	4078.354	Procnias_averano-ML629508462.wav	2
9	Spectrogram 1	1	18.335856090	18.456562003	851.524	4078.354	Procnias_averano-ML629508462.wav	2
10	Waveform 1	1	19.288209457	19.456636312	985.976	3988.720	Procnias_averano-ML629508462.wav	2
10	Spectrogram 1	1	19.288209457	19.456636312	985.976	3988.720	Procnias_averano-ML629508462.wav	2
11	Waveform 1	1	19.782261564	19.933845733	806.707	3899.085	Procnias_averano-ML629508462.wav	2
11	Spectrogram 1	1	19.782261564	19.933845733	806.707	3899.085	Procnias_averano-ML629508462.wav	2
12	Waveform 1	1	20.203328700	20.399826698	896.341	4033.537	Procnias_averano-ML629508462.wav	2
12	Spectrogram 1	1	20.203328700	20.399826698	896.341	4033.537	Procnias_averano-ML629508462.wav	2
13	Waveform 1	1	21.109516567	21.263907850	761.890	4257.622	Procnias_averano-ML629508462.wav	2
13	Spectrogram 1	1	21.109516567	21.263907850	761.890	4257.622	Procnias_averano-ML629508462.wav	2
14	Waveform 1	1	21.974107754	22.100427895	896.341	3899.085	Procnias_averano-ML629508462.wav	2
14	Spectrogram 1	1	21.974107754	22.100427895	896.341	3899.085	Procnias_averano-ML629508462.wav	2
15	Waveform 1	1	22.773158129	22.924742298	851.524	3943.902	Procnias_averano-ML629508462.wav	2
15	Spectrogram 1	1	22.773158129	22.924742298	851.524	3943.902	Procnias_averano-ML629508462.wav	2
16	Waveform 1	1	23.620906631	23.761262343	941.159	3988.720	Procnias_averano-ML629508462.wav	2
16	Spectrogram 1	1	23.620906631	23.761262343	941.159	3988.720	Procnias_averano-ML629508462.wav	2
17	Waveform 1	1	24.353563448	24.477076475	941.159	4033.537	Procnias_averano-ML629508462.wav	2
17	Spectrogram 1	1	24.353563448	24.477076475	941.159	4033.537	Procnias_averano-ML629508462.wav	2
18	Waveform 1	1	25.099074735	25.231009104	761.890	3854.268	Procnias_averano-ML629508462.wav	2
18	Spectrogram 1	1	25.099074735	25.231009104	761.890	3854.268	Procnias_averano-ML629508462.wav	2
19	Waveform 1	1	25.837345781	25.963665922	851.524	3899.085	Procnias_averano-ML629508462.wav	2
19	Spectrogram 1	1	25.837345781	25.963665922	851.524	3899.085	Procnias_averano-ML629508462.wav	2
20	Waveform 1	1	26.532094263	26.717363803	896.341	3854.268	Procnias_averano-ML629508462.wav	2
20	Spectrogram 1	1	26.532094263	26.717363803	896.341	3854.268	Procnias_averano-ML629508462.wav	2
21	Waveform 1	1	27.290015109	27.435985049	1030.793	3899.085	Procnias_averano-ML629508462.wav	2
21	Spectrogram 1	1	27.290015109	27.435985049	1030.793	3899.085	Procnias_averano-ML629508462.wav	2
22	Waveform 1	1	27.971029441	28.083314011	851.524	3719.817	Procnias_averano-ML629508462.wav	2
22	Spectrogram 1	1	27.971029441	28.083314011	851.524	3719.817	Procnias_averano-ML629508462.wav	2
23	Waveform 1	1	28.625087060	28.737371630	896.341	3899.085	Procnias_averano-ML629508462.wav	2
23	Spectrogram 1	1	28.625087060	28.737371630	896.341	3899.085	Procnias_averano-ML629508462.wav	2
24	Waveform 1	1	29.287006062	29.441397345	851.524	3899.085	Procnias_averano-ML629508462.wav	2
24	Spectrogram 1	1	29.287006062	29.441397345	851.524	3899.085	Procnias_averano-ML629508462.wav	2
25	Waveform 1	1	31.167286360	31.293606501	851.524	3854.268	Procnias_averano-ML629508462.wav	2
25	Spectrogram 1	1	31.167286360	31.293606501	851.524	3854.268	Procnias_averano-ML629508462.wav	2
26	Waveform 1	1	31.759587465	31.852222236	941.159	3271.646	Procnias_averano-ML629508462.wav	2
26	Spectrogram 1	1	31.759587465	31.852222236	941.159	3271.646	Procnias_averano-ML629508462.wav	2
27	Waveform 1	1	32.343467228	32.469787369	806.707	3899.085	Procnias_averano-ML629508462.wav	2
27	Spectrogram 1	1	32.343467228	32.469787369	806.707	3899.085	Procnias_averano-ML629508462.wav	2
28	Waveform 1	1	33.517815021	33.652556505	806.707	3809.451	Procnias_averano-ML629508462.wav	2
28	Spectrogram 1	1	33.517815021	33.652556505	806.707	3809.451	Procnias_averano-ML629508462.wav	2
