Selection	View	Channel	Begin Time (s)	End Time (s)	Low Freq (Hz)	High Freq (Hz)	Begin File	Tipo
1	Waveform 1	1	9.474298843	9.611188052	573.555	4206.069	Procnias_averano-ML655649486.wav	1
1	Spectrogram 1	1	9.474298843	9.611188052	573.555	4206.069	Procnias_averano-ML655649486.wav	1
2	Waveform 1	1	16.306927262	16.437297937	828.468	4142.341	Procnias_averano-ML655649486.wav	1
2	Spectrogram 1	1	16.306927262	16.437297937	828.468	4142.341	Procnias_averano-ML655649486.wav	1
3	Waveform 1	1	21.475870073	21.589944414	701.012	3632.514	Procnias_averano-ML655649486.wav	1
3	Spectrogram 1	1	21.475870073	21.589944414	701.012	3632.514	Procnias_averano-ML655649486.wav	1
4	Waveform 1	1	29.887969639	29.969451310	637.283	4142.341	Procnias_averano-ML655649486.wav	1
4	Spectrogram 1	1	29.887969639	29.969451310	637.283	4142.341	Procnias_averano-ML655649486.wav	1
5	Waveform 1	1	30.802347562	30.900125568	509.827	2931.503	Procnias_averano-ML655649486.wav	1
5	Spectrogram 1	1	30.802347562	30.900125568	509.827	2931.503	Procnias_averano-ML655649486.wav	1
6	Waveform 1	1	35.062804102	35.173619176	701.012	3122.688	Procnias_averano-ML655649486.wav	1
6	Spectrogram 1	1	35.062804102	35.173619176	701.012	3122.688	Procnias_averano-ML655649486.wav	1
7	Waveform 1	1	37.663783892	37.774598966	828.468	2995.231	Procnias_averano-ML655649486.wav	1
7	Spectrogram 1	1	37.663783892	37.774598966	828.468	2995.231	Procnias_averano-ML655649486.wav	1
9	Waveform 1	1	39.832960037	39.950293645	764.740	2931.503	Procnias_averano-ML655649486.wav	2
9	Spectrogram 1	1	39.832960037	39.950293645	764.740	2931.503	Procnias_averano-ML655649486.wav	2
10	Waveform 1	1	42.041148953	42.223667898	1019.653	3058.960	Procnias_averano-ML655649486.wav	2
10	Spectrogram 1	1	42.041148953	42.223667898	1019.653	3058.960	Procnias_averano-ML655649486.wav	2
11	Waveform 1	1	42.777743266	42.934188076	764.740	3759.971	Procnias_averano-ML655649486.wav	2
11	Spectrogram 1	1	42.777743266	42.934188076	764.740	3759.971	Procnias_averano-ML655649486.wav	2
12	Waveform 1	1	43.462189310	43.618634120	701.012	2931.503	Procnias_averano-ML655649486.wav	2
12	Spectrogram 1	1	43.462189310	43.618634120	701.012	2931.503	Procnias_averano-ML655649486.wav	2
13	Waveform 1	1	44.206335587	44.372558197	1019.653	3505.058	Procnias_averano-ML655649486.wav	2
13	Spectrogram 1	1	44.206335587	44.372558197	1019.653	3505.058	Procnias_averano-ML655649486.wav	2
14	Waveform 1	1	44.949448434	45.083078376	828.468	3186.416	Procnias_averano-ML655649486.wav	2
14	Spectrogram 1	1	44.949448434	45.083078376	828.468	3186.416	Procnias_averano-ML655649486.wav	2
15	Waveform 1	1	45.734388708	45.871277916	828.468	2995.231	Procnias_averano-ML655649486.wav	2
15	Spectrogram 1	1	45.734388708	45.871277916	828.468	2995.231	Procnias_averano-ML655649486.wav	2
16	Waveform 1	1	46.441649619	46.607872230	828.468	3887.428	Procnias_averano-ML655649486.wav	2
16	Spectrogram 1	1	46.441649619	46.607872230	828.468	3887.428	Procnias_averano-ML655649486.wav	2
17	Waveform 1	1	47.148910531	47.337948010	828.468	4078.613	Procnias_averano-ML655649486.wav	2
17	Spectrogram 1	1	47.148910531	47.337948010	828.468	4078.613	Procnias_averano-ML655649486.wav	2
18	Waveform 1	1	48.580543758	48.720692233	892.197	3505.058	Procnias_averano-ML655649486.wav	2
18	Spectrogram 1	1	48.580543758	48.720692233	892.197	3505.058	Procnias_averano-ML655649486.wav	2
19	Waveform 1	1	49.264989801	49.392101209	764.740	3441.329	Procnias_averano-ML655649486.wav	2
19	Spectrogram 1	1	49.264989801	49.392101209	764.740	3441.329	Procnias_averano-ML655649486.wav	2
20	Waveform 1	1	49.949435845	50.083065786	828.468	3186.416	Procnias_averano-ML655649486.wav	2
20	Spectrogram 1	1	49.949435845	50.083065786	828.468	3186.416	Procnias_averano-ML655649486.wav	2
21	Waveform 1	1	51.346169686	51.483058894	892.197	3377.601	Procnias_averano-ML655649486.wav	2
21	Spectrogram 1	1	51.346169686	51.483058894	892.197	3377.601	Procnias_averano-ML655649486.wav	2
22	Waveform 1	1	52.043652797	52.180542005	637.283	3505.058	Procnias_averano-ML655649486.wav	2
22	Spectrogram 1	1	52.043652797	52.180542005	637.283	3505.058	Procnias_averano-ML655649486.wav	2
23	Waveform 1	1	52.702024705	52.845432448	764.740	3313.873	Procnias_averano-ML655649486.wav	2
23	Spectrogram 1	1	52.702024705	52.845432448	764.740	3313.873	Procnias_averano-ML655649486.wav	2
24	Waveform 1	1	54.098959355	54.229330030	828.468	3441.329	Procnias_averano-ML655649486.wav	2
24	Spectrogram 1	1	54.098959355	54.229330030	828.468	3441.329	Procnias_averano-ML655649486.wav	2
25	Waveform 1	1	54.770368331	54.949628009	637.283	3505.058	Procnias_averano-ML655649486.wav	2
25	Spectrogram 1	1	54.770368331	54.949628009	637.283	3505.058	Procnias_averano-ML655649486.wav	2
26	Waveform 1	1	55.480888509	55.624296252	1083.382	3505.058	Procnias_averano-ML655649486.wav	2
26	Spectrogram 1	1	55.480888509	55.624296252	1083.382	3505.058	Procnias_averano-ML655649486.wav	2
27	Waveform 1	1	56.142519685	56.315260829	637.283	3696.243	Procnias_averano-ML655649486.wav	2
27	Spectrogram 1	1	56.142519685	56.315260829	637.283	3696.243	Procnias_averano-ML655649486.wav	2
28	Waveform 1	1	56.832518105	56.998740715	892.197	3250.145	Procnias_averano-ML655649486.wav	2
28	Spectrogram 1	1	56.832518105	56.998740715	892.197	3250.145	Procnias_averano-ML655649486.wav	2
29	Waveform 1	1	57.516964148	57.673408958	637.283	3696.243	Procnias_averano-ML655649486.wav	2
29	Spectrogram 1	1	57.516964148	57.673408958	637.283	3696.243	Procnias_averano-ML655649486.wav	2
30	Waveform 1	1	58.220965793	58.348077201	637.283	3377.601	Procnias_averano-ML655649486.wav	2
30	Spectrogram 1	1	58.220965793	58.348077201	637.283	3377.601	Procnias_averano-ML655649486.wav	2
31	Waveform 1	1	58.902152570	59.065115913	828.468	3696.243	Procnias_averano-ML655649486.wav	2
31	Spectrogram 1	1	58.902152570	59.065115913	828.468	3696.243	Procnias_averano-ML655649486.wav	2
