Selection	View	Channel	Begin Time (s)	End Time (s)	Low Freq (Hz)	High Freq (Hz)	Begin File	Tipo
1	Waveform 1	1	2.535812936	2.698625563	1050.000	4410.000	Procnias_averano-XC542023.wav	1
1	Spectrogram 1	1	2.535812936	2.698625563	1050.000	4410.000	Procnias_averano-XC542023.wav	1
2	Waveform 1	1	7.604631316	8.300795648	735.000	2835.000	Procnias_averano-XC542023.wav	3
2	Spectrogram 1	1	7.604631316	8.300795648	735.000	2835.000	Procnias_averano-XC542023.wav	3
3	Waveform 1	1	8.514136331	9.154158379	997.500	2677.500	Procnias_averano-XC542023.wav	3
3	Spectrogram 1	1	8.514136331	9.154158379	997.500	2677.500	Procnias_averano-XC542023.wav	3
4	Waveform 1	1	9.356576234	9.993791167	840.000	2152.500	Procnias_averano-XC542023.wav	3
4	Spectrogram 1	1	9.356576234	9.993791167	840.000	2152.500	Procnias_averano-XC542023.wav	3
5	Waveform 1	1	10.238010107	10.981895381	1155.000	2047.500	Procnias_averano-XC542023.wav	3
5	Spectrogram 1	1	10.238010107	10.981895381	1155.000	2047.500	Procnias_averano-XC542023.wav	3
6	Waveform 1	1	11.974856521	12.603650112	945.000	2415.000	Procnias_averano-XC542023.wav	3
6	Spectrogram 1	1	11.974856521	12.603650112	945.000	2415.000	Procnias_averano-XC542023.wav	3
7	Waveform 1	1	12.831026366	13.501926670	945.000	2362.500	Procnias_averano-XC542023.wav	3
7	Spectrogram 1	1	12.831026366	13.501926670	945.000	2362.500	Procnias_averano-XC542023.wav	3
8	Waveform 1	1	17.156644131	17.816315978	945.000	1890.000	Procnias_averano-XC542023.wav	3
8	Spectrogram 1	1	17.156644131	17.816315978	945.000	1890.000	Procnias_averano-XC542023.wav	3
9	Waveform 1	1	18.021235318	18.683714279	1050.000	1995.000	Procnias_averano-XC542023.wav	3
9	Spectrogram 1	1	18.021235318	18.683714279	1050.000	1995.000	Procnias_averano-XC542023.wav	3
10	Waveform 1	1	18.881199156	19.602627516	997.500	2415.000	Procnias_averano-XC542023.wav	3
10	Spectrogram 1	1	18.881199156	19.602627516	997.500	2415.000	Procnias_averano-XC542023.wav	3
11	Waveform 1	1	19.740176114	20.506518303	1050.000	2310.000	Procnias_averano-XC542023.wav	3
11	Spectrogram 1	1	19.740176114	20.506518303	1050.000	2310.000	Procnias_averano-XC542023.wav	3
12	Waveform 1	1	38.410841701	38.542776071	892.500	4567.500	Procnias_averano-XC542023.wav	1
12	Spectrogram 1	1	38.410841701	38.542776071	892.500	4567.500	Procnias_averano-XC542023.wav	1
13	Waveform 1	1	49.046021205	49.186376917	892.500	4830.000	Procnias_averano-XC542023.wav	1
13	Spectrogram 1	1	49.046021205	49.186376917	892.500	4830.000	Procnias_averano-XC542023.wav	1
14	Waveform 1	1	52.884790943	53.067253368	945.000	4672.500	Procnias_averano-XC542023.wav	3
14	Spectrogram 1	1	52.884790943	53.067253368	945.000	4672.500	Procnias_averano-XC542023.wav	3
15	Waveform 1	1	53.126202768	53.350771907	787.500	4515.000	Procnias_averano-XC542023.wav	3
15	Spectrogram 1	1	53.126202768	53.350771907	787.500	4515.000	Procnias_averano-XC542023.wav	3
