Selection	View	Channel	Begin Time (s)	End Time (s)	Low Freq (Hz)	High Freq (Hz)	Begin File	Tipo
1	Waveform 1	1	0.463173850	0.592301105	731.517	4075.592	Procnias_averano-ML629477459.wav	1
1	Spectrogram 1	1	0.463173850	0.592301105	731.517	4075.592	Procnias_averano-ML629477459.wav	1
2	Waveform 1	1	2.175513539	2.276569652	783.768	4127.844	Procnias_averano-ML629477459.wav	1
2	Spectrogram 1	1	2.175513539	2.276569652	783.768	4127.844	Procnias_averano-ML629477459.wav	1
3	Waveform 1	1	6.046648763	6.144897761	1149.526	4859.360	Procnias_averano-ML629477459.wav	1
3	Spectrogram 1	1	6.046648763	6.144897761	1149.526	4859.360	Procnias_averano-ML629477459.wav	1
4	Waveform 1	1	6.456487442	6.557543555	836.019	4284.597	Procnias_averano-ML629477459.wav	1
4	Spectrogram 1	1	6.456487442	6.557543555	836.019	4284.597	Procnias_averano-ML629477459.wav	1
5	Waveform 1	1	8.117047787	8.218103900	940.521	4180.095	Procnias_averano-ML629477459.wav	1
5	Spectrogram 1	1	8.117047787	8.218103900	940.521	4180.095	Procnias_averano-ML629477459.wav	1
6	Waveform 1	1	9.728331363	9.837808818	1045.024	5120.616	Procnias_averano-ML629477459.wav	1
6	Spectrogram 1	1	9.728331363	9.837808818	1045.024	5120.616	Procnias_averano-ML629477459.wav	1
7	Waveform 1	1	11.326432541	11.444331339	940.521	5068.365	Procnias_averano-ML629477459.wav	1
7	Spectrogram 1	1	11.326432541	11.444331339	940.521	5068.365	Procnias_averano-ML629477459.wav	1
8	Waveform 1	1	12.047860902	12.182602385	888.270	5381.872	Procnias_averano-ML629477459.wav	1
8	Spectrogram 1	1	12.047860902	12.182602385	888.270	5381.872	Procnias_averano-ML629477459.wav	1
9	Waveform 1	1	13.021733627	13.178932025	1201.777	5172.867	Procnias_averano-ML629477459.wav	1
9	Spectrogram 1	1	13.021733627	13.178932025	1201.777	5172.867	Procnias_averano-ML629477459.wav	1
10	Waveform 1	1	14.287742151	14.411255178	783.768	5329.621	Procnias_averano-ML629477459.wav	1
10	Spectrogram 1	1	14.287742151	14.411255178	783.768	5329.621	Procnias_averano-ML629477459.wav	1
