Selection	View	Channel	Begin Time (s)	End Time (s)	Low Freq (Hz)	High Freq (Hz)	Begin File	Tipo	Occupancy
1	Waveform 1	1	13.659126984	13.885521542	1000.000	3000.000	Procnias_averano-XC31877.wav	1	0.7949
1	Spectrogram 1	1	13.659126984	13.885521542	1000.000	3000.000	Procnias_averano-XC31877.wav	1	0.7949
2	Waveform 1	1	19.707925170	19.969149660	1000.000	3000.000	Procnias_averano-XC31877.wav	1	0.7778
2	Spectrogram 1	1	19.707925170	19.969149660	1000.000	3000.000	Procnias_averano-XC31877.wav	1	0.7778
3	Waveform 1	1	25.298129252	25.570963719	1000.000	3000.000	Procnias_averano-XC31877.wav	1	0.7447
3	Spectrogram 1	1	25.298129252	25.570963719	1000.000	3000.000	Procnias_averano-XC31877.wav	1	0.7447
4	Waveform 1	1	42.794365079	42.910464853	1000.000	3000.000	Procnias_averano-XC31877.wav	1	0.9000
4	Spectrogram 1	1	42.794365079	42.910464853	1000.000	3000.000	Procnias_averano-XC31877.wav	1	0.9000
5	Waveform 1	1	43.177494331	43.247154195	1000.000	3000.000	Procnias_averano-XC31877.wav	1	1.0000
5	Spectrogram 1	1	43.177494331	43.247154195	1000.000	3000.000	Procnias_averano-XC31877.wav	1	1.0000
6	Waveform 1	1	46.857857143	47.136496599	1000.000	3000.000	Procnias_averano-XC31877.wav	1	0.7292
6	Spectrogram 1	1	46.857857143	47.136496599	1000.000	3000.000	Procnias_averano-XC31877.wav	1	0.7292
7	Waveform 1	1	56.749557823	56.865657596	1000.000	3000.000	Procnias_averano-XC31877.wav	1	1.0000
7	Spectrogram 1	1	56.749557823	56.865657596	1000.000	3000.000	Procnias_averano-XC31877.wav	1	1.0000
8	Waveform 1	1	59.808786848	59.953911565	1000.000	3000.000	Procnias_averano-XC31877.wav	1	0.9600
8	Spectrogram 1	1	59.808786848	59.953911565	1000.000	3000.000	Procnias_averano-XC31877.wav	1	0.9600
9	Waveform 1	1	66.443888889	66.716723356	1000.000	3000.000	Procnias_averano-XC31877.wav	1	0.7234
9	Spectrogram 1	1	66.443888889	66.716723356	1000.000	3000.000	Procnias_averano-XC31877.wav	1	0.7234
10	Waveform 1	1	71.116904762	71.354909297	1000.000	3000.000	Procnias_averano-XC31877.wav	1	0.7561
10	Spectrogram 1	1	71.116904762	71.354909297	1000.000	3000.000	Procnias_averano-XC31877.wav	1	0.7561
11	Waveform 1	1	73.613049887	73.833639456	1000.000	3000.000	Procnias_averano-XC31877.wav	1	0.8947
11	Spectrogram 1	1	73.613049887	73.833639456	1000.000	3000.000	Procnias_averano-XC31877.wav	1	0.8947
12	Waveform 1	1	1.237937382	1.327765037	1102.500	3150.000	Procnias_averano-XC31877.wav	1	
12	Spectrogram 1	1	1.237937382	1.327765037	1102.500	3150.000	Procnias_averano-XC31877.wav	1	
13	Waveform 1	1	3.945566597	4.035394253	945.000	3622.500	Procnias_averano-XC31877.wav	1	
13	Spectrogram 1	1	3.945566597	4.035394253	945.000	3622.500	Procnias_averano-XC31877.wav	1	
14	Waveform 1	1	7.053671395	7.137884822	997.500	3465.000	Procnias_averano-XC31877.wav	1	
14	Spectrogram 1	1	7.053671395	7.137884822	997.500	3465.000	Procnias_averano-XC31877.wav	1	
15	Waveform 1	1	10.502397808	10.586611235	1260.000	3727.500	Procnias_averano-XC31877.wav	1	
15	Spectrogram 1	1	10.502397808	10.586611235	1260.000	3727.500	Procnias_averano-XC31877.wav	1	
