Selection	View	Channel	Begin Time (s)	End Time (s)	Low Freq (Hz)	High Freq (Hz)	Begin File	Tipo
1	Waveform 1	1	3.529880482	3.689885994	574.763	5120.616	Procnias_averano-ML626956593.wav	1
1	Spectrogram 1	1	3.529880482	3.689885994	574.763	5120.616	Procnias_averano-ML626956593.wav	1
2	Waveform 1	1	8.479058715	8.622221541	783.768	4284.597	Procnias_averano-ML626956593.wav	1
2	Spectrogram 1	1	8.479058715	8.622221541	783.768	4284.597	Procnias_averano-ML626956593.wav	1
3	Waveform 1	1	12.102019408	12.233953777	783.768	3762.085	Procnias_averano-ML626956593.wav	1
3	Spectrogram 1	1	12.102019408	12.233953777	783.768	3762.085	Procnias_averano-ML626956593.wav	1
4	Waveform 1	1	17.755233065	17.889974549	574.763	4075.592	Procnias_averano-ML626956593.wav	1
4	Spectrogram 1	1	17.755233065	17.889974549	574.763	4075.592	Procnias_averano-ML626956593.wav	1
5	Waveform 1	1	20.421519608	20.561875320	836.019	3866.588	Procnias_averano-ML626956593.wav	2
5	Spectrogram 1	1	20.421519608	20.561875320	836.019	3866.588	Procnias_averano-ML626956593.wav	2
6	Waveform 1	1	21.465766106	21.594893362	940.521	3971.090	Procnias_averano-ML626956593.wav	2
6	Spectrogram 1	1	21.465766106	21.594893362	940.521	3971.090	Procnias_averano-ML626956593.wav	2
7	Waveform 1	1	22.479842158	22.608969414	888.270	3657.583	Procnias_averano-ML626956593.wav	2
7	Spectrogram 1	1	22.479842158	22.608969414	888.270	3657.583	Procnias_averano-ML626956593.wav	2
8	Waveform 1	1	23.423032544	23.532510000	627.014	3709.834	Procnias_averano-ML626956593.wav	2
8	Spectrogram 1	1	23.423032544	23.532510000	627.014	3709.834	Procnias_averano-ML626956593.wav	2
9	Waveform 1	1	24.326923331	24.447629243	836.019	3762.085	Procnias_averano-ML626956593.wav	2
9	Spectrogram 1	1	24.326923331	24.447629243	836.019	3762.085	Procnias_averano-ML626956593.wav	2
10	Waveform 1	1	25.131462543	25.271818255	888.270	4023.341	Procnias_averano-ML626956593.wav	2
10	Spectrogram 1	1	25.131462543	25.271818255	888.270	4023.341	Procnias_averano-ML626956593.wav	2
11	Waveform 1	1	25.956754131	26.091495615	940.521	4023.341	Procnias_averano-ML626956593.wav	2
11	Spectrogram 1	1	25.956754131	26.091495615	940.521	4023.341	Procnias_averano-ML626956593.wav	2
12	Waveform 1	1	26.771079631	26.894592658	1045.024	3971.090	Procnias_averano-ML626956593.wav	2
12	Spectrogram 1	1	26.771079631	26.894592658	1045.024	3971.090	Procnias_averano-ML626956593.wav	2
13	Waveform 1	1	27.545843163	27.683391760	836.019	3762.085	Procnias_averano-ML626956593.wav	2
13	Spectrogram 1	1	27.545843163	27.683391760	836.019	3762.085	Procnias_averano-ML626956593.wav	2
14	Waveform 1	1	28.283379850	28.404085762	836.019	3866.588	Procnias_averano-ML626956593.wav	2
14	Spectrogram 1	1	28.283379850	28.404085762	836.019	3866.588	Procnias_averano-ML626956593.wav	2
15	Waveform 1	1	29.035686467	29.147971037	992.773	3866.588	Procnias_averano-ML626956593.wav	2
15	Spectrogram 1	1	29.035686467	29.147971037	992.773	3866.588	Procnias_averano-ML626956593.wav	2
16	Waveform 1	1	29.682581841	29.870658495	888.270	3762.085	Procnias_averano-ML626956593.wav	2
16	Spectrogram 1	1	29.682581841	29.870658495	888.270	3762.085	Procnias_averano-ML626956593.wav	2
17	Waveform 1	1	30.316989660	30.488223629	1097.275	4180.095	Procnias_averano-ML626956593.wav	2
17	Spectrogram 1	1	30.316989660	30.488223629	1097.275	4180.095	Procnias_averano-ML626956593.wav	2
18	Waveform 1	1	30.937441207	31.103060947	1097.275	3709.834	Procnias_averano-ML626956593.wav	2
18	Spectrogram 1	1	30.937441207	31.103060947	1097.275	3709.834	Procnias_averano-ML626956593.wav	2
19	Waveform 1	1	31.566680238	31.723878635	992.773	4127.844	Procnias_averano-ML626956593.wav	2
19	Spectrogram 1	1	31.566680238	31.723878635	992.773	4127.844	Procnias_averano-ML626956593.wav	2
20	Waveform 1	1	32.192666714	32.347057998	1045.024	4284.597	Procnias_averano-ML626956593.wav	2
20	Spectrogram 1	1	32.192666714	32.347057998	1045.024	4284.597	Procnias_averano-ML626956593.wav	2
21	Waveform 1	1	32.787774934	32.925323532	1045.024	3866.588	Procnias_averano-ML626956593.wav	2
21	Spectrogram 1	1	32.787774934	32.925323532	1045.024	3866.588	Procnias_averano-ML626956593.wav	2
22	Waveform 1	1	33.386135708	33.560176792	1097.275	3918.839	Procnias_averano-ML626956593.wav	2
22	Spectrogram 1	1	33.386135708	33.560176792	1097.275	3918.839	Procnias_averano-ML626956593.wav	2
23	Waveform 1	1	33.970015471	34.132828097	1045.024	3657.583	Procnias_averano-ML626956593.wav	2
23	Spectrogram 1	1	33.970015471	34.132828097	1045.024	3657.583	Procnias_averano-ML626956593.wav	2
24	Waveform 1	1	34.565123691	34.699865175	940.521	4284.597	Procnias_averano-ML626956593.wav	2
24	Spectrogram 1	1	34.565123691	34.699865175	940.521	4284.597	Procnias_averano-ML626956593.wav	2
25	Waveform 1	1	35.106609896	35.280650979	836.019	4180.095	Procnias_averano-ML626956593.wav	2
25	Spectrogram 1	1	35.106609896	35.280650979	836.019	4180.095	Procnias_averano-ML626956593.wav	2
26	Waveform 1	1	35.682068316	35.816809800	992.773	3814.336	Procnias_averano-ML626956593.wav	2
26	Spectrogram 1	1	35.682068316	35.816809800	992.773	3814.336	Procnias_averano-ML626956593.wav	2
27	Waveform 1	1	36.257791181	36.420603807	836.019	4075.592	Procnias_averano-ML626956593.wav	2
27	Spectrogram 1	1	36.257791181	36.420603807	836.019	4075.592	Procnias_averano-ML626956593.wav	2
28	Waveform 1	1	36.810792687	36.976412427	1045.024	4963.863	Procnias_averano-ML626956593.wav	2
28	Spectrogram 1	1	36.810792687	36.976412427	1045.024	4963.863	Procnias_averano-ML626956593.wav	2
29	Waveform 1	1	37.380636878	37.532221047	1097.275	4232.346	Procnias_averano-ML626956593.wav	2
29	Spectrogram 1	1	37.380636878	37.532221047	1097.275	4232.346	Procnias_averano-ML626956593.wav	2
30	Waveform 1	1	37.919602813	38.099258125	1201.777	4127.844	Procnias_averano-ML626956593.wav	2
30	Spectrogram 1	1	37.919602813	38.099258125	1201.777	4127.844	Procnias_averano-ML626956593.wav	2
31	Waveform 1	1	38.464445346	38.635679315	836.019	3814.336	Procnias_averano-ML626956593.wav	2
31	Spectrogram 1	1	38.464445346	38.635679315	836.019	3814.336	Procnias_averano-ML626956593.wav	2
32	Waveform 1	1	39.014639738	39.177452364	940.521	3762.085	Procnias_averano-ML626956593.wav	2
32	Spectrogram 1	1	39.014639738	39.177452364	940.521	3762.085	Procnias_averano-ML626956593.wav	2
33	Waveform 1	1	39.578869701	39.713611185	1045.024	3709.834	Procnias_averano-ML626956593.wav	2
33	Spectrogram 1	1	39.578869701	39.713611185	1045.024	3709.834	Procnias_averano-ML626956593.wav	2
34	Waveform 1	1	40.138819682	40.304439422	940.521	3866.588	Procnias_averano-ML626956593.wav	2
34	Spectrogram 1	1	40.138819682	40.304439422	940.521	3866.588	Procnias_averano-ML626956593.wav	2
35	Waveform 1	1	40.711470988	40.865862271	940.521	3866.588	Procnias_averano-ML626956593.wav	2
35	Spectrogram 1	1	40.711470988	40.865862271	940.521	3866.588	Procnias_averano-ML626956593.wav	2
36	Waveform 1	1	63.013468221	63.148209704	836.019	4232.346	Procnias_averano-ML626956593.wav	1
36	Spectrogram 1	1	63.013468221	63.148209704	836.019	4232.346	Procnias_averano-ML626956593.wav	1
37	Waveform 1	1	76.369349228	76.549004540	888.270	4859.360	Procnias_averano-ML626956593.wav	1
37	Spectrogram 1	1	76.369349228	76.549004540	888.270	4859.360	Procnias_averano-ML626956593.wav	1
38	Waveform 1	1	94.008941396	94.199825165	783.768	5172.867	Procnias_averano-ML626956593.wav	1
38	Spectrogram 1	1	94.008941396	94.199825165	783.768	5172.867	Procnias_averano-ML626956593.wav	1
39	Waveform 1	1	100.078971870	100.210906239	679.265	5381.872	Procnias_averano-ML626956593.wav	1
39	Spectrogram 1	1	100.078971870	100.210906239	679.265	5381.872	Procnias_averano-ML626956593.wav	1
40	Waveform 1	1	104.392481111	104.532836823	836.019	5120.616	Procnias_averano-ML626956593.wav	1
40	Spectrogram 1	1	104.392481111	104.532836823	836.019	5120.616	Procnias_averano-ML626956593.wav	1
41	Waveform 1	1	111.853367381	112.047058264	992.773	3448.578	Procnias_averano-ML626956593.wav	2
41	Spectrogram 1	1	111.853367381	112.047058264	992.773	3448.578	Procnias_averano-ML626956593.wav	2
42	Waveform 1	1	112.973405965	113.139025705	940.521	3344.076	Procnias_averano-ML626956593.wav	2
42	Spectrogram 1	1	112.973405965	113.139025705	940.521	3344.076	Procnias_averano-ML626956593.wav	2
43	Waveform 1	1	113.990653198	114.150658710	731.517	3657.583	Procnias_averano-ML626956593.wav	2
43	Spectrogram 1	1	113.990653198	114.150658710	731.517	3657.583	Procnias_averano-ML626956593.wav	2
44	Waveform 1	1	115.029285469	115.214555009	1097.275	3866.588	Procnias_averano-ML626956593.wav	2
44	Spectrogram 1	1	115.029285469	115.214555009	1097.275	3866.588	Procnias_averano-ML626956593.wav	2
45	Waveform 1	1	115.927285557	116.115362212	1097.275	3500.829	Procnias_averano-ML626956593.wav	2
45	Spectrogram 1	1	115.927285557	116.115362212	1097.275	3500.829	Procnias_averano-ML626956593.wav	2
46	Waveform 1	1	121.977472786	122.154320983	1045.024	4180.095	Procnias_averano-ML626956593.wav	2
46	Spectrogram 1	1	121.977472786	122.154320983	1045.024	4180.095	Procnias_averano-ML626956593.wav	2
47	Waveform 1	1	122.864520887	123.058211770	940.521	4023.341	Procnias_averano-ML626956593.wav	2
47	Spectrogram 1	1	122.864520887	123.058211770	940.521	4023.341	Procnias_averano-ML626956593.wav	2
48	Waveform 1	1	125.399507796	125.601620021	679.265	3762.085	Procnias_averano-ML626956593.wav	2
48	Spectrogram 1	1	125.399507796	125.601620021	679.265	3762.085	Procnias_averano-ML626956593.wav	2
49	Waveform 1	1	126.134971728	126.309012811	1045.024	3605.332	Procnias_averano-ML626956593.wav	2
49	Spectrogram 1	1	126.134971728	126.309012811	1045.024	3605.332	Procnias_averano-ML626956593.wav	2
50	Waveform 1	1	127.600262964	127.827639217	836.019	3657.583	Procnias_averano-ML626956593.wav	2
50	Spectrogram 1	1	127.600262964	127.827639217	836.019	3657.583	Procnias_averano-ML626956593.wav	2
51	Waveform 1	1	128.318884210	128.532224893	888.270	3709.834	Procnias_averano-ML626956593.wav	2
51	Spectrogram 1	1	128.318884210	128.532224893	888.270	3709.834	Procnias_averano-ML626956593.wav	2
52	Waveform 1	1	129.020662771	129.242424796	836.019	3709.834	Procnias_averano-ML626956593.wav	2
52	Spectrogram 1	1	129.020662771	129.242424796	836.019	3709.834	Procnias_averano-ML626956593.wav	2
53	Waveform 1	1	129.674720390	129.882446844	992.773	4702.607	Procnias_averano-ML626956593.wav	2
53	Spectrogram 1	1	129.674720390	129.882446844	992.773	4702.607	Procnias_averano-ML626956593.wav	2
54	Waveform 1	1	130.896331526	131.140550465	783.768	3709.834	Procnias_averano-ML626956593.wav	2
54	Spectrogram 1	1	130.896331526	131.140550465	783.768	3709.834	Procnias_averano-ML626956593.wav	2
55	Waveform 1	1	131.525125116	131.699166200	731.517	3814.336	Procnias_averano-ML626956593.wav	2
55	Spectrogram 1	1	131.525125116	131.699166200	731.517	3814.336	Procnias_averano-ML626956593.wav	2
56	Waveform 1	1	132.083740851	132.283045962	992.773	3918.839	Procnias_averano-ML626956593.wav	2
56	Spectrogram 1	1	132.083740851	132.283045962	992.773	3918.839	Procnias_averano-ML626956593.wav	2
57	Waveform 1	1	130.312636909	130.486677992	940.521	4232.346	Procnias_averano-ML626956593.wav	2
57	Spectrogram 1	1	130.312636909	130.486677992	940.521	4232.346	Procnias_averano-ML626956593.wav	2
