Selection	View	Channel	Begin Time (s)	End Time (s)	Low Freq (Hz)	High Freq (Hz)	Begin File	Tipo
1	Waveform 1	1	6.868549213	6.915195057	814.655	4562.069	Procnias_averano-ML62844.wav	1
1	Spectrogram 1	1	6.868549213	6.915195057	814.655	4562.069	Procnias_averano-ML62844.wav	1
2	Waveform 1	1	13.324718528	13.361439724	488.793	4453.448	Procnias_averano-ML62844.wav	1
2	Spectrogram 1	1	13.324718528	13.361439724	488.793	4453.448	Procnias_averano-ML62844.wav	1
3	Waveform 1	1	16.644110887	16.744349827	814.655	4670.690	Procnias_averano-ML62844.wav	2
3	Spectrogram 1	1	16.644110887	16.744349827	814.655	4670.690	Procnias_averano-ML62844.wav	2
4	Waveform 1	1	17.725959515	17.847040215	923.276	5105.172	Procnias_averano-ML62844.wav	2
4	Spectrogram 1	1	17.725959515	17.847040215	923.276	5105.172	Procnias_averano-ML62844.wav	2
6	Waveform 1	1	18.628206614	18.785405012	993.243	4966.216	Procnias_averano-ML62844.wav	2
6	Spectrogram 1	1	18.628206614	18.785405012	993.243	4966.216	Procnias_averano-ML62844.wav	2
7	Waveform 1	1	19.482754630	19.642760142	893.919	4767.568	Procnias_averano-ML62844.wav	2
7	Spectrogram 1	1	19.482754630	19.642760142	893.919	4767.568	Procnias_averano-ML62844.wav	2
8	Waveform 1	1	20.265939505	20.434366359	744.932	4916.554	Procnias_averano-ML62844.wav	2
8	Spectrogram 1	1	20.265939505	20.434366359	744.932	4916.554	Procnias_averano-ML62844.wav	2
9	Waveform 1	1	21.015439008	21.147373377	993.243	4866.892	Procnias_averano-ML62844.wav	2
9	Spectrogram 1	1	21.015439008	21.147373377	993.243	4866.892	Procnias_averano-ML62844.wav	2
10	Waveform 1	1	21.688586789	21.851399415	893.919	4866.892	Procnias_averano-ML62844.wav	2
10	Spectrogram 1	1	21.688586789	21.851399415	893.919	4866.892	Procnias_averano-ML62844.wav	2
11	Waveform 1	1	22.362294207	22.519492605	943.581	4717.905	Procnias_averano-ML62844.wav	2
11	Spectrogram 1	1	22.362294207	22.519492605	943.581	4717.905	Procnias_averano-ML62844.wav	2
12	Waveform 1	1	23.036001626	23.193200024	1042.905	4866.892	Procnias_averano-ML62844.wav	2
12	Spectrogram 1	1	23.036001626	23.193200024	1042.905	4866.892	Procnias_averano-ML62844.wav	2
13	Waveform 1	1	23.704156823	23.847319650	844.257	4916.554	Procnias_averano-ML62844.wav	2
13	Spectrogram 1	1	23.704156823	23.847319650	844.257	4916.554	Procnias_averano-ML62844.wav	2
14	Waveform 1	1	24.335757528	24.498570154	893.919	4966.216	Procnias_averano-ML62844.wav	2
14	Spectrogram 1	1	24.335757528	24.498570154	893.919	4966.216	Procnias_averano-ML62844.wav	2
15	Waveform 1	1	24.967358233	25.104906831	943.581	4817.230	Procnias_averano-ML62844.wav	2
15	Spectrogram 1	1	24.967358233	25.104906831	943.581	4817.230	Procnias_averano-ML62844.wav	2
16	Waveform 1	1	25.560346075	25.709123130	943.581	4817.230	Procnias_averano-ML62844.wav	2
16	Spectrogram 1	1	25.560346075	25.709123130	943.581	4817.230	Procnias_averano-ML62844.wav	2
17	Waveform 1	1	26.189139666	26.323881149	893.919	4767.568	Procnias_averano-ML62844.wav	2
17	Spectrogram 1	1	26.189139666	26.323881149	893.919	4767.568	Procnias_averano-ML62844.wav	2
18	Waveform 1	1	26.843197284	26.994781454	1042.905	4767.568	Procnias_averano-ML62844.wav	2
18	Spectrogram 1	1	26.843197284	26.994781454	1042.905	4767.568	Procnias_averano-ML62844.wav	2
19	Waveform 1	1	27.457394124	27.611785408	893.919	4916.554	Procnias_averano-ML62844.wav	2
19	Spectrogram 1	1	27.457394124	27.611785408	893.919	4916.554	Procnias_averano-ML62844.wav	2
20	Waveform 1	1	28.046888115	28.190050942	993.243	4866.892	Procnias_averano-ML62844.wav	2
20	Spectrogram 1	1	28.046888115	28.190050942	993.243	4866.892	Procnias_averano-ML62844.wav	2
21	Waveform 1	1	29.287632611	29.439216780	794.595	4916.554	Procnias_averano-ML62844.wav	2
21	Spectrogram 1	1	29.287632611	29.439216780	794.595	4916.554	Procnias_averano-ML62844.wav	2
22	Waveform 1	1	29.881685729	30.024848555	893.919	4916.554	Procnias_averano-ML62844.wav	2
22	Spectrogram 1	1	29.881685729	30.024848555	893.919	4916.554	Procnias_averano-ML62844.wav	2
23	Waveform 1	1	30.490829520	30.611535432	943.581	4817.230	Procnias_averano-ML62844.wav	2
23	Spectrogram 1	1	30.490829520	30.611535432	943.581	4817.230	Procnias_averano-ML62844.wav	2
24	Waveform 1	1	31.077516397	31.223486337	893.919	4966.216	Procnias_averano-ML62844.wav	2
24	Spectrogram 1	1	31.077516397	31.223486337	893.919	4966.216	Procnias_averano-ML62844.wav	2
25	Waveform 1	1	31.683853073	31.832630128	1042.905	4916.554	Procnias_averano-ML62844.wav	2
25	Spectrogram 1	1	31.683853073	31.832630128	1042.905	4916.554	Procnias_averano-ML62844.wav	2
26	Waveform 1	1	32.307032436	32.438966805	893.919	4668.243	Procnias_averano-ML62844.wav	2
26	Spectrogram 1	1	32.307032436	32.438966805	893.919	4668.243	Procnias_averano-ML62844.wav	2
27	Waveform 1	1	32.926718866	33.064267464	993.243	4717.905	Procnias_averano-ML62844.wav	2
27	Spectrogram 1	1	32.926718866	33.064267464	993.243	4717.905	Procnias_averano-ML62844.wav	2
28	Waveform 1	1	33.513405743	33.662182798	993.243	4817.230	Procnias_averano-ML62844.wav	2
28	Spectrogram 1	1	33.513405743	33.662182798	993.243	4817.230	Procnias_averano-ML62844.wav	2
29	Waveform 1	1	34.133777991	34.260098132	893.919	4618.581	Procnias_averano-ML62844.wav	2
29	Spectrogram 1	1	34.133777991	34.260098132	893.919	4618.581	Procnias_averano-ML62844.wav	2
30	Waveform 1	1	34.728886211	34.880470380	993.243	4767.568	Procnias_averano-ML62844.wav	2
30	Spectrogram 1	1	34.728886211	34.880470380	993.243	4767.568	Procnias_averano-ML62844.wav	2
31	Waveform 1	1	35.328796662	35.471959489	1042.905	4866.892	Procnias_averano-ML62844.wav	2
31	Spectrogram 1	1	35.328796662	35.471959489	1042.905	4866.892	Procnias_averano-ML62844.wav	2
32	Waveform 1	1	35.943554682	36.089524623	844.257	4916.554	Procnias_averano-ML62844.wav	2
32	Spectrogram 1	1	35.943554682	36.089524623	844.257	4916.554	Procnias_averano-ML62844.wav	2
33	Waveform 1	1	45.737270840	45.841134067	598.643	4290.271	Procnias_averano-ML62844.wav	1
33	Spectrogram 1	1	45.737270840	45.841134067	598.643	4290.271	Procnias_averano-ML62844.wav	1
34	Waveform 1	1	53.674548471	53.781218813	598.643	4439.932	Procnias_averano-ML62844.wav	1
34	Spectrogram 1	1	53.674548471	53.781218813	598.643	4439.932	Procnias_averano-ML62844.wav	1
35	Waveform 1	1	56.478040520	56.632431803	848.077	4938.801	Procnias_averano-ML62844.wav	2
35	Spectrogram 1	1	56.478040520	56.632431803	848.077	4938.801	Procnias_averano-ML62844.wav	2
36	Waveform 1	1	57.339824593	57.477373190	997.738	4839.027	Procnias_averano-ML62844.wav	2
36	Spectrogram 1	1	57.339824593	57.477373190	997.738	4839.027	Procnias_averano-ML62844.wav	2
37	Waveform 1	1	58.126629497	58.289442123	997.738	4739.253	Procnias_averano-ML62844.wav	2
37	Spectrogram 1	1	58.126629497	58.289442123	997.738	4739.253	Procnias_averano-ML62844.wav	2
38	Waveform 1	1	59.592756048	59.738725989	997.738	4739.253	Procnias_averano-ML62844.wav	2
38	Spectrogram 1	1	59.592756048	59.738725989	997.738	4739.253	Procnias_averano-ML62844.wav	2
39	Waveform 1	1	60.266463467	60.404012065	997.738	4739.253	Procnias_averano-ML62844.wav	2
39	Spectrogram 1	1	60.266463467	60.404012065	997.738	4739.253	Procnias_averano-ML62844.wav	2
40	Waveform 1	1	60.918899258	61.081711884	798.190	4689.367	Procnias_averano-ML62844.wav	2
40	Spectrogram 1	1	60.918899258	61.081711884	798.190	4689.367	Procnias_averano-ML62844.wav	2
41	Waveform 1	1	61.570149762	61.713312589	848.077	4789.140	Procnias_averano-ML62844.wav	2
41	Spectrogram 1	1	61.570149762	61.713312589	848.077	4789.140	Procnias_averano-ML62844.wav	2
42	Waveform 1	1	62.208549982	62.362941265	798.190	4839.027	Procnias_averano-ML62844.wav	2
42	Spectrogram 1	1	62.208549982	62.362941265	798.190	4839.027	Procnias_averano-ML62844.wav	2
43	Waveform 1	1	62.848572029	62.991734856	997.738	4789.140	Procnias_averano-ML62844.wav	2
43	Spectrogram 1	1	62.848572029	62.991734856	997.738	4789.140	Procnias_averano-ML62844.wav	2
44	Waveform 1	1	66.457527852	66.735432162	897.964	2544.231	Procnias_averano-ML62844.wav	3a
44	Spectrogram 1	1	66.457527852	66.735432162	897.964	2544.231	Procnias_averano-ML62844.wav	3a
45	Waveform 1	1	66.839295389	67.162113527	748.303	1546.493	Procnias_averano-ML62844.wav	3b
45	Spectrogram 1	1	66.839295389	67.162113527	748.303	1546.493	Procnias_averano-ML62844.wav	3b
46	Waveform 1	1	67.602892471	67.973431551	934.797	2292.898	Procnias_averano-ML62844.wav	3a
46	Spectrogram 1	1	67.602892471	67.973431551	934.797	2292.898	Procnias_averano-ML62844.wav	3a
47	Waveform 1	1	68.043609407	68.419762716	970.072	1534.478	Procnias_averano-ML62844.wav	3b
47	Spectrogram 1	1	68.043609407	68.419762716	970.072	1534.478	Procnias_averano-ML62844.wav	3b
48	Waveform 1	1	68.728545282	69.099084363	1075.898	2310.535	Procnias_averano-ML62844.wav	3a
48	Spectrogram 1	1	68.728545282	69.099084363	1075.898	2310.535	Procnias_averano-ML62844.wav	3a
49	Waveform 1	1	69.138383962	69.545415527	1128.811	1481.565	Procnias_averano-ML62844.wav	3b
49	Spectrogram 1	1	69.138383962	69.545415527	1128.811	1481.565	Procnias_averano-ML62844.wav	3b
50	Waveform 1	1	69.905539067	70.270463919	1040.623	2257.622	Procnias_averano-ML62844.wav	3a
50	Spectrogram 1	1	69.905539067	70.270463919	1040.623	2257.622	Procnias_averano-ML62844.wav	3a
51	Waveform 1	1	70.354677346	70.624160313	1022.985	1516.840	Procnias_averano-ML62844.wav	3b
51	Spectrogram 1	1	70.354677346	70.624160313	1022.985	1516.840	Procnias_averano-ML62844.wav	3b
52	Waveform 1	1	71.223260933	71.521375600	987.710	2310.535	Procnias_averano-ML62844.wav	3a
52	Spectrogram 1	1	71.223260933	71.521375600	987.710	2310.535	Procnias_averano-ML62844.wav	3a
53	Waveform 1	1	71.557307528	71.936267951	952.434	1569.753	Procnias_averano-ML62844.wav	3b
53	Spectrogram 1	1	71.557307528	71.936267951	952.434	1569.753	Procnias_averano-ML62844.wav	3b
54	Waveform 1	1	72.346414828	72.691942240	917.159	2381.086	Procnias_averano-ML62844.wav	3a
54	Spectrogram 1	1	72.346414828	72.691942240	917.159	2381.086	Procnias_averano-ML62844.wav	3a
55	Waveform 1	1	72.739410822	73.093107217	952.434	1534.478	Procnias_averano-ML62844.wav	3b
55	Spectrogram 1	1	72.739410822	73.093107217	952.434	1534.478	Procnias_averano-ML62844.wav	3b
56	Waveform 1	1	73.734693090	74.106165096	1093.536	2469.274	Procnias_averano-ML62844.wav	3a
56	Spectrogram 1	1	73.734693090	74.106165096	1093.536	2469.274	Procnias_averano-ML62844.wav	3a
57	Waveform 1	1	74.144531769	74.489806821	1111.174	1587.391	Procnias_averano-ML62844.wav	3b
57	Spectrogram 1	1	74.144531769	74.489806821	1111.174	1587.391	Procnias_averano-ML62844.wav	3b
58	Waveform 1	1	74.917421113	75.243046365	917.159	2310.535	Procnias_averano-ML62844.wav	3a
58	Spectrogram 1	1	74.917421113	75.243046365	917.159	2310.535	Procnias_averano-ML62844.wav	3a
59	Waveform 1	1	75.296381536	75.669727730	934.797	1605.028	Procnias_averano-ML62844.wav	3b
59	Spectrogram 1	1	75.296381536	75.669727730	934.797	1605.028	Procnias_averano-ML62844.wav	3b
64	Waveform 1	1	76.076953652	76.419421590	970.072	2310.535	Procnias_averano-ML62844.wav	3a
64	Spectrogram 1	1	76.076953652	76.419421590	970.072	2310.535	Procnias_averano-ML62844.wav	3a
65	Waveform 1	1	76.464335418	76.823646041	1022.985	1534.478	Procnias_averano-ML62844.wav	3b
65	Spectrogram 1	1	76.464335418	76.823646041	1022.985	1534.478	Procnias_averano-ML62844.wav	3b
66	Waveform 1	1	80.062428984	80.388054236	1128.811	2310.535	Procnias_averano-ML62844.wav	3a
66	Spectrogram 1	1	80.062428984	80.388054236	1128.811	2310.535	Procnias_averano-ML62844.wav	3a
67	Waveform 1	1	80.452617864	80.907370371	987.710	1552.115	Procnias_averano-ML62844.wav	3b
67	Spectrogram 1	1	80.452617864	80.907370371	987.710	1552.115	Procnias_averano-ML62844.wav	3b
68	Waveform 1	1	81.182467567	81.494057248	1093.536	2275.260	Procnias_averano-ML62844.wav	3a
68	Spectrogram 1	1	81.182467567	81.494057248	1093.536	2275.260	Procnias_averano-ML62844.wav	3a
69	Waveform 1	1	81.547392419	81.892667471	1058.260	1587.391	Procnias_averano-ML62844.wav	3b
69	Spectrogram 1	1	81.547392419	81.892667471	1058.260	1587.391	Procnias_averano-ML62844.wav	3b
70	Waveform 1	1	82.306504720	82.671429572	1040.623	2433.999	Procnias_averano-ML62844.wav	3a
70	Spectrogram 1	1	82.306504720	82.671429572	1040.623	2433.999	Procnias_averano-ML62844.wav	3a
71	Waveform 1	1	82.713536285	83.086882480	987.710	1710.854	Procnias_averano-ML62844.wav	3b
71	Spectrogram 1	1	82.713536285	83.086882480	987.710	1710.854	Procnias_averano-ML62844.wav	3b
72	Waveform 1	1	83.572695262	83.903934743	1040.623	2292.898	Procnias_averano-ML62844.wav	3a
72	Spectrogram 1	1	83.572695262	83.903934743	1040.623	2292.898	Procnias_averano-ML62844.wav	3a
73	Waveform 1	1	83.979726827	84.322194765	1058.260	1605.028	Procnias_averano-ML62844.wav	3b
73	Spectrogram 1	1	83.979726827	84.322194765	1058.260	1605.028	Procnias_averano-ML62844.wav	3b
74	Waveform 1	1	84.686122518	85.025783341	1093.536	2363.448	Procnias_averano-ML62844.wav	3a
74	Spectrogram 1	1	84.686122518	85.025783341	1093.536	2363.448	Procnias_averano-ML62844.wav	3a
75	Waveform 1	1	85.104382540	85.410357993	1058.260	1552.115	Procnias_averano-ML62844.wav	3b
75	Spectrogram 1	1	85.104382540	85.410357993	1058.260	1552.115	Procnias_averano-ML62844.wav	3b
76	Waveform 1	1	88.855756449	89.212259958	899.521	2275.260	Procnias_averano-ML62844.wav	3a
76	Spectrogram 1	1	88.855756449	89.212259958	899.521	2275.260	Procnias_averano-ML62844.wav	3a
77	Waveform 1	1	89.285244929	89.664205352	1022.985	1569.753	Procnias_averano-ML62844.wav	3b
77	Spectrogram 1	1	89.285244929	89.664205352	1022.985	1569.753	Procnias_averano-ML62844.wav	3b
78	Waveform 1	1	90.525989425	90.843193334	1164.087	2257.622	Procnias_averano-ML62844.wav	3a
78	Spectrogram 1	1	90.525989425	90.843193334	1164.087	2257.622	Procnias_averano-ML62844.wav	3a
79	Waveform 1	1	90.874071591	91.275488928	970.072	1675.579	Procnias_averano-ML62844.wav	3b
79	Spectrogram 1	1	90.874071591	91.275488928	970.072	1675.579	Procnias_averano-ML62844.wav	3b
80	Waveform 1	1	92.837239381	93.154443291	1199.362	2345.811	Procnias_averano-ML62844.wav	3a
80	Spectrogram 1	1	92.837239381	93.154443291	1199.362	2345.811	Procnias_averano-ML62844.wav	3a
81	Waveform 1	1	93.207778461	93.662530969	987.710	1605.028	Procnias_averano-ML62844.wav	3b
81	Spectrogram 1	1	93.207778461	93.662530969	987.710	1605.028	Procnias_averano-ML62844.wav	3b
82	Waveform 1	1	93.954470850	94.364309530	881.884	2381.086	Procnias_averano-ML62844.wav	3a
82	Spectrogram 1	1	93.954470850	94.364309530	881.884	2381.086	Procnias_averano-ML62844.wav	3a
83	Waveform 1	1	94.406416244	94.748884181	987.710	1657.941	Procnias_averano-ML62844.wav	3b
83	Spectrogram 1	1	94.406416244	94.748884181	987.710	1657.941	Procnias_averano-ML62844.wav	3b
84	Waveform 1	1	96.383127225	96.714366706	1005.347	2363.448	Procnias_averano-ML62844.wav	3a
84	Spectrogram 1	1	96.383127225	96.714366706	1005.347	2363.448	Procnias_averano-ML62844.wav	3a
85	Waveform 1	1	96.804194361	97.230875726	1128.811	1534.478	Procnias_averano-ML62844.wav	3b
85	Spectrogram 1	1	96.804194361	97.230875726	1128.811	1534.478	Procnias_averano-ML62844.wav	3b
86	Waveform 1	1	97.584572121	97.994410801	1058.260	2257.622	Procnias_averano-ML62844.wav	3a
86	Spectrogram 1	1	97.584572121	97.994410801	1058.260	2257.622	Procnias_averano-ML62844.wav	3a
87	Waveform 1	1	98.008446372	98.370564110	1022.985	1516.840	Procnias_averano-ML62844.wav	3b
87	Spectrogram 1	1	98.008446372	98.370564110	1022.985	1516.840	Procnias_averano-ML62844.wav	3b
