Selection	View	Channel	Begin Time (s)	End Time (s)	Low Freq (Hz)	High Freq (Hz)	Begin File	Tipo	Occupancy
3	Waveform 1	1	1.607970522	1.927244898	1000.000	3000.000	Procnias_averano-XC949161.wav	2	0.8182
3	Spectrogram 1	1	1.607970522	1.927244898	1000.000	3000.000	Procnias_averano-XC949161.wav	2	0.8182
4	Waveform 1	1	2.182664399	2.368424036	1000.000	3000.000	Procnias_averano-XC949161.wav	2	0.9062
4	Spectrogram 1	1	2.182664399	2.368424036	1000.000	3000.000	Procnias_averano-XC949161.wav	2	0.9062
5	Waveform 1	1	2.734138322	2.919897959	1000.000	3000.000	Procnias_averano-XC949161.wav	2	0.9688
5	Spectrogram 1	1	2.734138322	2.919897959	1000.000	3000.000	Procnias_averano-XC949161.wav	2	0.9688
6	Waveform 1	1	3.291417234	3.477176871	1000.000	3000.000	Procnias_averano-XC949161.wav	2	0.9375
6	Spectrogram 1	1	3.291417234	3.477176871	1000.000	3000.000	Procnias_averano-XC949161.wav	2	0.9375
11	Waveform 1	1	3.825476190	4.011235828	1000.000	3000.000	Procnias_averano-XC949161.wav	2	0.8750
11	Spectrogram 1	1	3.825476190	4.011235828	1000.000	3000.000	Procnias_averano-XC949161.wav	2	0.8750
12	Waveform 1	1	4.347925170	4.533684807	1000.000	3000.000	Procnias_averano-XC949161.wav	2	0.8750
12	Spectrogram 1	1	4.347925170	4.533684807	1000.000	3000.000	Procnias_averano-XC949161.wav	2	0.8750
13	Waveform 1	1	4.864569161	5.050328798	1000.000	3000.000	Procnias_averano-XC949161.wav	2	0.9062
13	Spectrogram 1	1	4.864569161	5.050328798	1000.000	3000.000	Procnias_averano-XC949161.wav	2	0.9062
17	Waveform 1	1	5.863027211	6.176496599	1000.000	3000.000	Procnias_averano-XC949161.wav	2	0.8519
17	Spectrogram 1	1	5.863027211	6.176496599	1000.000	3000.000	Procnias_averano-XC949161.wav	2	0.8519
19	Waveform 1	1	12.144024943	12.341394558	1000.000	3000.000	Procnias_averano-XC949161.wav	2	0.9706
19	Spectrogram 1	1	12.144024943	12.341394558	1000.000	3000.000	Procnias_averano-XC949161.wav	2	0.9706
20	Waveform 1	1	12.701303855	12.927698413	1000.000	3000.000	Procnias_averano-XC949161.wav	2	0.9487
20	Spectrogram 1	1	12.701303855	12.927698413	1000.000	3000.000	Procnias_averano-XC949161.wav	2	0.9487
21	Waveform 1	1	13.258582766	13.514002268	1000.000	3000.000	Procnias_averano-XC949161.wav	2	0.8636
21	Spectrogram 1	1	13.258582766	13.514002268	1000.000	3000.000	Procnias_averano-XC949161.wav	2	0.8636
25	Waveform 1	1	17.246609977	17.507834467	1000.000	3000.000	Procnias_averano-XC949161.wav	2	0.9556
25	Spectrogram 1	1	17.246609977	17.507834467	1000.000	3000.000	Procnias_averano-XC949161.wav	2	0.9556
27	Waveform 1	1	17.815498866	18.082528345	1000.000	3000.000	Procnias_averano-XC949161.wav	2	0.8043
27	Spectrogram 1	1	17.815498866	18.082528345	1000.000	3000.000	Procnias_averano-XC949161.wav	2	0.8043
28	Waveform 1	1	18.912641723	19.173866213	1000.000	3000.000	Procnias_averano-XC949161.wav	2	0.8000
28	Spectrogram 1	1	18.912641723	19.173866213	1000.000	3000.000	Procnias_averano-XC949161.wav	2	0.8000
29	Waveform 1	1	19.440895692	19.696315193	1000.000	3000.000	Procnias_averano-XC949161.wav	2	0.7500
29	Spectrogram 1	1	19.440895692	19.696315193	1000.000	3000.000	Procnias_averano-XC949161.wav	2	0.7500
33	Waveform 1	1	19.957539683	20.125884354	1000.000	3000.000	Procnias_averano-XC949161.wav	2	0.9655
33	Spectrogram 1	1	19.957539683	20.125884354	1000.000	3000.000	Procnias_averano-XC949161.wav	2	0.9655
34	Waveform 1	1	20.474183673	20.630918367	1000.000	3000.000	Procnias_averano-XC949161.wav	2	1.0000
34	Spectrogram 1	1	20.474183673	20.630918367	1000.000	3000.000	Procnias_averano-XC949161.wav	2	1.0000
35	Waveform 1	1	20.973412698	21.153367347	1000.000	3000.000	Procnias_averano-XC949161.wav	2	0.9677
35	Spectrogram 1	1	20.973412698	21.153367347	1000.000	3000.000	Procnias_averano-XC949161.wav	2	0.9677
36	Waveform 1	1	21.461031746	21.670011338	1000.000	3000.000	Procnias_averano-XC949161.wav	2	0.8611
36	Spectrogram 1	1	21.461031746	21.670011338	1000.000	3000.000	Procnias_averano-XC949161.wav	2	0.8611
41	Waveform 1	1	21.948650794	22.163435374	1000.000	3000.000	Procnias_averano-XC949161.wav	2	0.8108
41	Spectrogram 1	1	21.948650794	22.163435374	1000.000	3000.000	Procnias_averano-XC949161.wav	2	0.8108
42	Waveform 1	1	22.436269841	22.651054422	1000.000	3000.000	Procnias_averano-XC949161.wav	2	0.8919
42	Spectrogram 1	1	22.436269841	22.651054422	1000.000	3000.000	Procnias_averano-XC949161.wav	2	0.8919
43	Waveform 1	1	22.906473923	23.132868481	1000.000	3000.000	Procnias_averano-XC949161.wav	2	0.7949
43	Spectrogram 1	1	22.906473923	23.132868481	1000.000	3000.000	Procnias_averano-XC949161.wav	2	0.7949
44	Waveform 1	1	23.365068027	23.533412698	1000.000	3000.000	Procnias_averano-XC949161.wav	2	0.9655
44	Spectrogram 1	1	23.365068027	23.533412698	1000.000	3000.000	Procnias_averano-XC949161.wav	2	0.9655
49	Waveform 1	1	23.823662132	24.038446712	1000.000	3000.000	Procnias_averano-XC949161.wav	2	0.8649
49	Spectrogram 1	1	23.823662132	24.038446712	1000.000	3000.000	Procnias_averano-XC949161.wav	2	0.8649
50	Waveform 1	1	24.299671202	24.526065760	1000.000	3000.000	Procnias_averano-XC949161.wav	2	0.7436
50	Spectrogram 1	1	24.299671202	24.526065760	1000.000	3000.000	Procnias_averano-XC949161.wav	2	0.7436
51	Waveform 1	1	24.769875283	24.949829932	1000.000	3000.000	Procnias_averano-XC949161.wav	2	0.9355
51	Spectrogram 1	1	24.769875283	24.949829932	1000.000	3000.000	Procnias_averano-XC949161.wav	2	0.9355
52	Waveform 1	1	25.240079365	25.443253968	1000.000	3000.000	Procnias_averano-XC949161.wav	2	0.8286
52	Spectrogram 1	1	25.240079365	25.443253968	1000.000	3000.000	Procnias_averano-XC949161.wav	2	0.8286
57	Waveform 1	1	25.727698413	25.959897959	1000.000	3000.000	Procnias_averano-XC949161.wav	2	0.7750
57	Spectrogram 1	1	25.727698413	25.959897959	1000.000	3000.000	Procnias_averano-XC949161.wav	2	0.7750
58	Waveform 1	1	26.221122449	26.470736961	1000.000	3000.000	Procnias_averano-XC949161.wav	2	0.7442
58	Spectrogram 1	1	26.221122449	26.470736961	1000.000	3000.000	Procnias_averano-XC949161.wav	2	0.7442
59	Waveform 1	1	26.691326531	26.923526077	1000.000	3000.000	Procnias_averano-XC949161.wav	2	0.8000
59	Spectrogram 1	1	26.691326531	26.923526077	1000.000	3000.000	Procnias_averano-XC949161.wav	2	0.8000
60	Waveform 1	1	27.167335601	27.422755102	1000.000	3000.000	Procnias_averano-XC949161.wav	2	0.7727
60	Spectrogram 1	1	27.167335601	27.422755102	1000.000	3000.000	Procnias_averano-XC949161.wav	2	0.7727
65	Waveform 1	1	27.637539683	27.869739229	1000.000	3000.000	Procnias_averano-XC949161.wav	2	0.8750
65	Spectrogram 1	1	27.637539683	27.869739229	1000.000	3000.000	Procnias_averano-XC949161.wav	2	0.8750
66	Waveform 1	1	28.096133787	28.345748299	1000.000	3000.000	Procnias_averano-XC949161.wav	2	0.7442
66	Spectrogram 1	1	28.096133787	28.345748299	1000.000	3000.000	Procnias_averano-XC949161.wav	2	0.7442
67	Waveform 1	1	28.554727891	28.786927438	1000.000	3000.000	Procnias_averano-XC949161.wav	2	0.7750
67	Spectrogram 1	1	28.554727891	28.786927438	1000.000	3000.000	Procnias_averano-XC949161.wav	2	0.7750
68	Waveform 1	1	29.001712018	29.262936508	1000.000	3000.000	Procnias_averano-XC949161.wav	2	0.7778
68	Spectrogram 1	1	29.001712018	29.262936508	1000.000	3000.000	Procnias_averano-XC949161.wav	2	0.7778
69	Waveform 1	1	29.454501134	29.657675737	1000.000	3000.000	Procnias_averano-XC949161.wav	2	0.9714
69	Spectrogram 1	1	29.454501134	29.657675737	1000.000	3000.000	Procnias_averano-XC949161.wav	2	0.9714
75	Waveform 1	1	29.907290249	30.203344671	1000.000	3000.000	Procnias_averano-XC949161.wav	2	0.9412
75	Spectrogram 1	1	29.907290249	30.203344671	1000.000	3000.000	Procnias_averano-XC949161.wav	2	0.9412
76	Waveform 1	1	30.336859410	30.621303855	1000.000	3000.000	Procnias_averano-XC949161.wav	2	1.0000
76	Spectrogram 1	1	30.336859410	30.621303855	1000.000	3000.000	Procnias_averano-XC949161.wav	2	1.0000
77	Waveform 1	1	30.766428571	31.062482993	1000.000	3000.000	Procnias_averano-XC949161.wav	2	0.9216
77	Spectrogram 1	1	30.766428571	31.062482993	1000.000	3000.000	Procnias_averano-XC949161.wav	2	0.9216
83	Waveform 1	1	43.862482993	44.175952381	1000.000	3000.000	Procnias_averano-XC949161.wav	2	0.9259
83	Spectrogram 1	1	43.862482993	44.175952381	1000.000	3000.000	Procnias_averano-XC949161.wav	2	0.9259
91	Waveform 1	1	69.009693878	69.259308390	1000.000	3000.000	Procnias_averano-XC949161.wav	2	0.9535
91	Spectrogram 1	1	69.009693878	69.259308390	1000.000	3000.000	Procnias_averano-XC949161.wav	2	0.9535
93	Waveform 1	1	69.619217687	69.909467120	1000.000	3000.000	Procnias_averano-XC949161.wav	2	0.9600
93	Spectrogram 1	1	69.619217687	69.909467120	1000.000	3000.000	Procnias_averano-XC949161.wav	2	0.9600
94	Waveform 1	1	70.193911565	70.431916100	1000.000	3000.000	Procnias_averano-XC949161.wav	2	0.9268
94	Spectrogram 1	1	70.193911565	70.431916100	1000.000	3000.000	Procnias_averano-XC949161.wav	2	0.9268
95	Waveform 1	1	70.774410431	71.012414966	1000.000	3000.000	Procnias_averano-XC949161.wav	2	0.9512
95	Spectrogram 1	1	70.774410431	71.012414966	1000.000	3000.000	Procnias_averano-XC949161.wav	2	0.9512
96	Waveform 1	1	71.349104308	71.610328798	1000.000	3000.000	Procnias_averano-XC949161.wav	2	0.9556
96	Spectrogram 1	1	71.349104308	71.610328798	1000.000	3000.000	Procnias_averano-XC949161.wav	2	0.9556
103	Waveform 1	1	85.281077098	85.623571429	1000.000	3000.000	Procnias_averano-XC949161.wav	2	0.8136
103	Spectrogram 1	1	85.281077098	85.623571429	1000.000	3000.000	Procnias_averano-XC949161.wav	2	0.8136
105	Waveform 1	1	85.878990930	86.134410431	1000.000	3000.000	Procnias_averano-XC949161.wav	2	0.8864
105	Spectrogram 1	1	85.878990930	86.134410431	1000.000	3000.000	Procnias_averano-XC949161.wav	2	0.8864
106	Waveform 1	1	86.395634921	86.627834467	1000.000	3000.000	Procnias_averano-XC949161.wav	2	0.8000
106	Spectrogram 1	1	86.395634921	86.627834467	1000.000	3000.000	Procnias_averano-XC949161.wav	2	0.8000
107	Waveform 1	1	86.923888889	87.208333333	1000.000	3000.000	Procnias_averano-XC949161.wav	2	0.9184
107	Spectrogram 1	1	86.923888889	87.208333333	1000.000	3000.000	Procnias_averano-XC949161.wav	2	0.9184
108	Waveform 1	1	87.446337868	87.672732426	1000.000	3000.000	Procnias_averano-XC949161.wav	2	0.8462
108	Spectrogram 1	1	87.446337868	87.672732426	1000.000	3000.000	Procnias_averano-XC949161.wav	2	0.8462
113	Waveform 1	1	87.939761905	88.230011338	1000.000	3000.000	Procnias_averano-XC949161.wav	2	1.0000
113	Spectrogram 1	1	87.939761905	88.230011338	1000.000	3000.000	Procnias_averano-XC949161.wav	2	1.0000
118	Waveform 1	1	107.874092971	108.204977324	1000.000	3000.000	Procnias_averano-XC949161.wav	2	0.9825
118	Spectrogram 1	1	107.874092971	108.204977324	1000.000	3000.000	Procnias_averano-XC949161.wav	2	0.9825
125	Waveform 1	1	113.603616780	113.888061224	1000.000	3000.000	Procnias_averano-XC949161.wav	2	0.9796
125	Spectrogram 1	1	113.603616780	113.888061224	1000.000	3000.000	Procnias_averano-XC949161.wav	2	0.9796
127	Waveform 1	1	114.793639456	115.095498866	1000.000	3000.000	Procnias_averano-XC949161.wav	2	0.9615
127	Spectrogram 1	1	114.793639456	115.095498866	1000.000	3000.000	Procnias_averano-XC949161.wav	2	0.9615
131	Waveform 1	1	115.896587302	116.175226757	1000.000	3000.000	Procnias_averano-XC949161.wav	2	0.9792
131	Spectrogram 1	1	115.896587302	116.175226757	1000.000	3000.000	Procnias_averano-XC949161.wav	2	0.9792
132	Waveform 1	1	116.889240363	117.173684807	1000.000	3000.000	Procnias_averano-XC949161.wav	2	1.0000
132	Spectrogram 1	1	116.889240363	117.173684807	1000.000	3000.000	Procnias_averano-XC949161.wav	2	1.0000
135	Waveform 1	1	117.864478458	118.160532880	1000.000	3000.000	Procnias_averano-XC949161.wav	2	0.9020
135	Spectrogram 1	1	117.864478458	118.160532880	1000.000	3000.000	Procnias_averano-XC949161.wav	2	0.9020
136	Waveform 1	1	118.758446712	119.060306122	1000.000	3000.000	Procnias_averano-XC949161.wav	2	0.9231
136	Spectrogram 1	1	118.758446712	119.060306122	1000.000	3000.000	Procnias_averano-XC949161.wav	2	0.9231
139	Waveform 1	1	119.617585034	119.855589569	1000.000	3000.000	Procnias_averano-XC949161.wav	2	1.0000
139	Spectrogram 1	1	119.617585034	119.855589569	1000.000	3000.000	Procnias_averano-XC949161.wav	2	1.0000
140	Waveform 1	1	120.436088435	120.726337868	1000.000	3000.000	Procnias_averano-XC949161.wav	2	0.9200
140	Spectrogram 1	1	120.436088435	120.726337868	1000.000	3000.000	Procnias_averano-XC949161.wav	2	0.9200
141	Waveform 1	1	121.277811791	121.550646259	1000.000	3000.000	Procnias_averano-XC949161.wav	2	0.9149
141	Spectrogram 1	1	121.277811791	121.550646259	1000.000	3000.000	Procnias_averano-XC949161.wav	2	0.9149
145	Waveform 1	1	122.107925170	122.392369615	1000.000	3000.000	Procnias_averano-XC949161.wav	2	0.9388
145	Spectrogram 1	1	122.107925170	122.392369615	1000.000	3000.000	Procnias_averano-XC949161.wav	2	0.9388
147	Waveform 1	1	123.628832200	123.895861678	1000.000	3000.000	Procnias_averano-XC949161.wav	2	0.9783
147	Spectrogram 1	1	123.628832200	123.895861678	1000.000	3000.000	Procnias_averano-XC949161.wav	2	0.9783
148	Waveform 1	1	124.325430839	124.604070295	1000.000	3000.000	Procnias_averano-XC949161.wav	2	0.9167
148	Spectrogram 1	1	124.325430839	124.604070295	1000.000	3000.000	Procnias_averano-XC949161.wav	2	0.9167
149	Waveform 1	1	125.068469388	125.347108844	1000.000	3000.000	Procnias_averano-XC949161.wav	2	0.9167
149	Spectrogram 1	1	125.068469388	125.347108844	1000.000	3000.000	Procnias_averano-XC949161.wav	2	0.9167
153	Waveform 1	1	125.741848073	125.979852608	1000.000	3000.000	Procnias_averano-XC949161.wav	2	0.9756
153	Spectrogram 1	1	125.741848073	125.979852608	1000.000	3000.000	Procnias_averano-XC949161.wav	2	0.9756
154	Waveform 1	1	126.380396825	126.630011338	1000.000	3000.000	Procnias_averano-XC949161.wav	2	0.9767
154	Spectrogram 1	1	126.380396825	126.630011338	1000.000	3000.000	Procnias_averano-XC949161.wav	2	0.9767
155	Waveform 1	1	127.018945578	127.268560091	1000.000	3000.000	Procnias_averano-XC949161.wav	2	0.9535
155	Spectrogram 1	1	127.018945578	127.268560091	1000.000	3000.000	Procnias_averano-XC949161.wav	2	0.9535
159	Waveform 1	1	127.634274376	127.872278912	1000.000	3000.000	Procnias_averano-XC949161.wav	2	0.9756
159	Spectrogram 1	1	127.634274376	127.872278912	1000.000	3000.000	Procnias_averano-XC949161.wav	2	0.9756
160	Waveform 1	1	128.232188209	128.470192744	1000.000	3000.000	Procnias_averano-XC949161.wav	2	0.9268
160	Spectrogram 1	1	128.232188209	128.470192744	1000.000	3000.000	Procnias_averano-XC949161.wav	2	0.9268
161	Waveform 1	1	128.806882086	129.044886621	1000.000	3000.000	Procnias_averano-XC949161.wav	2	0.9512
161	Spectrogram 1	1	128.806882086	129.044886621	1000.000	3000.000	Procnias_averano-XC949161.wav	2	0.9512
162	Waveform 1	1	129.410600907	129.648605442	1000.000	3000.000	Procnias_averano-XC949161.wav	2	0.9756
162	Spectrogram 1	1	129.410600907	129.648605442	1000.000	3000.000	Procnias_averano-XC949161.wav	2	0.9756
167	Waveform 1	1	130.031734694	130.269739229	1000.000	3000.000	Procnias_averano-XC949161.wav	2	1.0000
167	Spectrogram 1	1	130.031734694	130.269739229	1000.000	3000.000	Procnias_averano-XC949161.wav	2	1.0000
168	Waveform 1	1	130.635453515	130.879263039	1000.000	3000.000	Procnias_averano-XC949161.wav	2	1.0000
168	Spectrogram 1	1	130.635453515	130.879263039	1000.000	3000.000	Procnias_averano-XC949161.wav	2	1.0000
169	Waveform 1	1	131.221757370	131.517811791	1000.000	3000.000	Procnias_averano-XC949161.wav	2	0.9216
169	Spectrogram 1	1	131.221757370	131.517811791	1000.000	3000.000	Procnias_averano-XC949161.wav	2	0.9216
173	Waveform 1	1	131.808061224	132.069285714	1000.000	3000.000	Procnias_averano-XC949161.wav	2	0.9111
173	Spectrogram 1	1	131.808061224	132.069285714	1000.000	3000.000	Procnias_averano-XC949161.wav	2	0.9111
174	Waveform 1	1	132.382755102	132.620759637	1000.000	3000.000	Procnias_averano-XC949161.wav	2	0.9756
174	Spectrogram 1	1	132.382755102	132.620759637	1000.000	3000.000	Procnias_averano-XC949161.wav	2	0.9756
175	Waveform 1	1	132.969058957	133.253503401	1000.000	3000.000	Procnias_averano-XC949161.wav	2	0.9592
175	Spectrogram 1	1	132.969058957	133.253503401	1000.000	3000.000	Procnias_averano-XC949161.wav	2	0.9592
179	Waveform 1	1	133.561167800	133.886247166	1000.000	3000.000	Procnias_averano-XC949161.wav	2	0.9107
179	Spectrogram 1	1	133.561167800	133.886247166	1000.000	3000.000	Procnias_averano-XC949161.wav	2	0.9107
185	Waveform 1	1	143.754727891	144.015952381	1000.000	3000.000	Procnias_averano-XC949161.wav	2	0.9778
185	Spectrogram 1	1	143.754727891	144.015952381	1000.000	3000.000	Procnias_averano-XC949161.wav	2	0.9778
187	Waveform 1	1	146.419217687	146.715272109	1000.000	3000.000	Procnias_averano-XC949161.wav	2	0.9020
187	Spectrogram 1	1	146.419217687	146.715272109	1000.000	3000.000	Procnias_averano-XC949161.wav	2	0.9020
191	Waveform 1	1	151.057403628	151.359263039	1000.000	3000.000	Procnias_averano-XC949161.wav	2	0.8654
191	Spectrogram 1	1	151.057403628	151.359263039	1000.000	3000.000	Procnias_averano-XC949161.wav	2	0.8654
193	Waveform 1	1	152.096496599	152.398356009	1000.000	3000.000	Procnias_averano-XC949161.wav	2	0.9231
193	Spectrogram 1	1	152.096496599	152.398356009	1000.000	3000.000	Procnias_averano-XC949161.wav	2	0.9231
194	Waveform 1	1	153.007879819	153.321349206	1000.000	3000.000	Procnias_averano-XC949161.wav	2	0.9630
194	Spectrogram 1	1	153.007879819	153.321349206	1000.000	3000.000	Procnias_averano-XC949161.wav	2	0.9630
197	Waveform 1	1	153.913458050	154.296587302	1000.000	3000.000	Procnias_averano-XC949161.wav	2	0.7879
197	Spectrogram 1	1	153.913458050	154.296587302	1000.000	3000.000	Procnias_averano-XC949161.wav	2	0.7879
198	Waveform 1	1	154.801621315	155.138310658	1000.000	3000.000	Procnias_averano-XC949161.wav	2	0.8966
198	Spectrogram 1	1	154.801621315	155.138310658	1000.000	3000.000	Procnias_averano-XC949161.wav	2	0.8966
201	Waveform 1	1	155.625929705	155.916179138	1000.000	3000.000	Procnias_averano-XC949161.wav	2	0.9600
201	Spectrogram 1	1	155.625929705	155.916179138	1000.000	3000.000	Procnias_averano-XC949161.wav	2	0.9600
202	Waveform 1	1	156.397993197	156.688242630	1000.000	3000.000	Procnias_averano-XC949161.wav	2	0.9200
202	Spectrogram 1	1	156.397993197	156.688242630	1000.000	3000.000	Procnias_averano-XC949161.wav	2	0.9200
203	Waveform 1	1	157.175861678	157.466111111	1000.000	3000.000	Procnias_averano-XC949161.wav	2	0.9200
203	Spectrogram 1	1	157.175861678	157.466111111	1000.000	3000.000	Procnias_averano-XC949161.wav	2	0.9200
207	Waveform 1	1	157.901485261	158.180124717	1000.000	3000.000	Procnias_averano-XC949161.wav	2	0.9167
207	Spectrogram 1	1	157.901485261	158.180124717	1000.000	3000.000	Procnias_averano-XC949161.wav	2	0.9167
208	Waveform 1	1	158.569058957	158.836088435	1000.000	3000.000	Procnias_averano-XC949161.wav	2	0.9565
208	Spectrogram 1	1	158.569058957	158.836088435	1000.000	3000.000	Procnias_averano-XC949161.wav	2	0.9565
209	Waveform 1	1	159.213412698	159.503662132	1000.000	3000.000	Procnias_averano-XC949161.wav	2	0.9200
209	Spectrogram 1	1	159.213412698	159.503662132	1000.000	3000.000	Procnias_averano-XC949161.wav	2	0.9200
213	Waveform 1	1	159.828741497	160.124795918	1000.000	3000.000	Procnias_averano-XC949161.wav	2	0.9216
213	Spectrogram 1	1	159.828741497	160.124795918	1000.000	3000.000	Procnias_averano-XC949161.wav	2	0.9216
214	Waveform 1	1	160.461485261	160.734319728	1000.000	3000.000	Procnias_averano-XC949161.wav	2	0.9787
214	Spectrogram 1	1	160.461485261	160.734319728	1000.000	3000.000	Procnias_averano-XC949161.wav	2	0.9787
215	Waveform 1	1	161.076814059	161.355453515	1000.000	3000.000	Procnias_averano-XC949161.wav	2	0.8958
215	Spectrogram 1	1	161.076814059	161.355453515	1000.000	3000.000	Procnias_averano-XC949161.wav	2	0.8958
219	Waveform 1	1	161.715362812	161.947562358	1000.000	3000.000	Procnias_averano-XC949161.wav	2	1.0000
219	Spectrogram 1	1	161.715362812	161.947562358	1000.000	3000.000	Procnias_averano-XC949161.wav	2	1.0000
220	Waveform 1	1	162.336496599	162.609331066	1000.000	3000.000	Procnias_averano-XC949161.wav	2	0.9149
220	Spectrogram 1	1	162.336496599	162.609331066	1000.000	3000.000	Procnias_averano-XC949161.wav	2	0.9149
221	Waveform 1	1	162.951825397	163.236269841	1000.000	3000.000	Procnias_averano-XC949161.wav	2	0.8980
221	Spectrogram 1	1	162.951825397	163.236269841	1000.000	3000.000	Procnias_averano-XC949161.wav	2	0.8980
225	Waveform 1	1	164.170873016	164.426292517	1000.000	3000.000	Procnias_averano-XC949161.wav	2	0.9091
225	Spectrogram 1	1	164.170873016	164.426292517	1000.000	3000.000	Procnias_averano-XC949161.wav	2	0.9091
226	Waveform 1	1	164.774591837	165.053231293	1000.000	3000.000	Procnias_averano-XC949161.wav	2	0.9375
226	Spectrogram 1	1	164.774591837	165.053231293	1000.000	3000.000	Procnias_averano-XC949161.wav	2	0.9375
227	Waveform 1	1	165.372505669	165.651145125	1000.000	3000.000	Procnias_averano-XC949161.wav	2	0.9375
227	Spectrogram 1	1	165.372505669	165.651145125	1000.000	3000.000	Procnias_averano-XC949161.wav	2	0.9375
231	Waveform 1	1	165.987834467	166.278083900	1000.000	3000.000	Procnias_averano-XC949161.wav	2	0.8600
231	Spectrogram 1	1	165.987834467	166.278083900	1000.000	3000.000	Procnias_averano-XC949161.wav	2	0.8600
232	Waveform 1	1	166.591553288	166.875997732	1000.000	3000.000	Procnias_averano-XC949161.wav	2	0.9592
232	Spectrogram 1	1	166.591553288	166.875997732	1000.000	3000.000	Procnias_averano-XC949161.wav	2	0.9592
233	Waveform 1	1	167.177857143	167.450691610	1000.000	3000.000	Procnias_averano-XC949161.wav	2	0.9574
233	Spectrogram 1	1	167.177857143	167.450691610	1000.000	3000.000	Procnias_averano-XC949161.wav	2	0.9574
237	Waveform 1	1	167.723526077	168.007970522	1000.000	3000.000	Procnias_averano-XC949161.wav	2	0.9796
237	Spectrogram 1	1	167.723526077	168.007970522	1000.000	3000.000	Procnias_averano-XC949161.wav	2	0.9796
238	Waveform 1	1	168.304024943	168.576859410	1000.000	3000.000	Procnias_averano-XC949161.wav	2	0.9574
238	Spectrogram 1	1	168.304024943	168.576859410	1000.000	3000.000	Procnias_averano-XC949161.wav	2	0.9574
239	Waveform 1	1	168.890328798	169.186383220	1000.000	3000.000	Procnias_averano-XC949161.wav	2	0.9216
239	Spectrogram 1	1	168.890328798	169.186383220	1000.000	3000.000	Procnias_averano-XC949161.wav	2	0.9216
243	Waveform 1	1	169.453412698	169.830736961	1000.000	3000.000	Procnias_averano-XC949161.wav	2	0.8000
243	Spectrogram 1	1	169.453412698	169.830736961	1000.000	3000.000	Procnias_averano-XC949161.wav	2	0.8000
245	Waveform 1	1	44.927639169	45.097121046	892.197	4269.798	Procnias_averano-XC949161.wav	1	
245	Spectrogram 1	1	44.927639169	45.097121046	892.197	4269.798	Procnias_averano-XC949161.wav	1	
247	Waveform 1	1	54.711145216	54.861071492	828.468	3632.514	Procnias_averano-XC949161.wav	1	
247	Spectrogram 1	1	54.711145216	54.861071492	828.468	3632.514	Procnias_averano-XC949161.wav	1	
248	Waveform 1	1	58.928476366	59.068624842	892.197	4142.341	Procnias_averano-XC949161.wav	1	
248	Spectrogram 1	1	58.928476366	59.068624842	892.197	4142.341	Procnias_averano-XC949161.wav	1	
249	Waveform 1	1	65.554936745	65.717900089	892.197	4269.798	Procnias_averano-XC949161.wav	1	
249	Spectrogram 1	1	65.554936745	65.717900089	892.197	4269.798	Procnias_averano-XC949161.wav	1	
250	Waveform 1	1	102.022863226	102.146715368	892.197	4206.069	Procnias_averano-XC949161.wav	1	
250	Spectrogram 1	1	102.022863226	102.146715368	892.197	4206.069	Procnias_averano-XC949161.wav	1	
251	Waveform 1	1	109.934333102	110.054925977	701.012	4142.341	Procnias_averano-XC949161.wav	1	
251	Spectrogram 1	1	109.934333102	110.054925977	701.012	4142.341	Procnias_averano-XC949161.wav	1	
