Selection	View	Channel	Begin Time (s)	End Time (s)	Low Freq (Hz)	High Freq (Hz)	Begin File	Tipo	Occupancy
2	Waveform 1	1	4.643979592	5.015498866	1000.000	3000.000	Procnias_averano-XC837786.wav	2	0.9375
2	Spectrogram 1	1	4.643979592	5.015498866	1000.000	3000.000	Procnias_averano-XC837786.wav	2	0.9375
3	Waveform 1	1	6.048786848	6.408696145	1000.000	3000.000	Procnias_averano-XC837786.wav	2	0.8871
3	Spectrogram 1	1	6.048786848	6.408696145	1000.000	3000.000	Procnias_averano-XC837786.wav	2	0.8871
4	Waveform 1	1	7.250419501	7.627743764	1000.000	3000.000	Procnias_averano-XC837786.wav	2	0.9385
4	Spectrogram 1	1	7.250419501	7.627743764	1000.000	3000.000	Procnias_averano-XC837786.wav	2	0.9385
5	Waveform 1	1	8.573956916	8.945476190	1000.000	3000.000	Procnias_averano-XC837786.wav	2	0.9844
5	Spectrogram 1	1	8.573956916	8.945476190	1000.000	3000.000	Procnias_averano-XC837786.wav	2	0.9844
6	Waveform 1	1	9.636269841	10.001984127	1000.000	3000.000	Procnias_averano-XC837786.wav	2	0.9683
6	Spectrogram 1	1	9.636269841	10.001984127	1000.000	3000.000	Procnias_averano-XC837786.wav	2	0.9683
7	Waveform 1	1	10.715997732	11.075907029	1000.000	3000.000	Procnias_averano-XC837786.wav	2	0.9677
7	Spectrogram 1	1	10.715997732	11.075907029	1000.000	3000.000	Procnias_averano-XC837786.wav	2	0.9677
8	Waveform 1	1	11.731870748	12.080170068	1000.000	3000.000	Procnias_averano-XC837786.wav	2	0.9833
8	Spectrogram 1	1	11.731870748	12.080170068	1000.000	3000.000	Procnias_averano-XC837786.wav	2	0.9833
9	Waveform 1	1	13.699761905	14.053866213	1000.000	3000.000	Procnias_averano-XC837786.wav	2	1.0000
9	Spectrogram 1	1	13.699761905	14.053866213	1000.000	3000.000	Procnias_averano-XC837786.wav	2	1.0000
10	Waveform 1	1	17.722619048	18.076723356	1000.000	3000.000	Procnias_averano-XC837786.wav	2	0.9672
10	Spectrogram 1	1	17.722619048	18.076723356	1000.000	3000.000	Procnias_averano-XC837786.wav	2	0.9672
11	Waveform 1	1	20.247789116	20.619308390	1000.000	3000.000	Procnias_averano-XC837786.wav	2	0.9219
11	Spectrogram 1	1	20.247789116	20.619308390	1000.000	3000.000	Procnias_averano-XC837786.wav	2	0.9219
12	Waveform 1	1	21.310102041	21.675816327	1000.000	3000.000	Procnias_averano-XC837786.wav	2	0.9683
12	Spectrogram 1	1	21.310102041	21.675816327	1000.000	3000.000	Procnias_averano-XC837786.wav	2	0.9683
13	Waveform 1	1	25.187834467	25.553548753	1000.000	3000.000	Procnias_averano-XC837786.wav	2	0.9841
13	Spectrogram 1	1	25.187834467	25.553548753	1000.000	3000.000	Procnias_averano-XC837786.wav	2	0.9841
14	Waveform 1	1	26.209512472	26.557811791	1000.000	3000.000	Procnias_averano-XC837786.wav	2	0.9333
14	Spectrogram 1	1	26.209512472	26.557811791	1000.000	3000.000	Procnias_averano-XC837786.wav	2	0.9333
15	Waveform 1	1	27.132505669	27.486609977	1000.000	3000.000	Procnias_averano-XC837786.wav	2	0.9836
15	Spectrogram 1	1	27.132505669	27.486609977	1000.000	3000.000	Procnias_averano-XC837786.wav	2	0.9836
16	Waveform 1	1	28.113548753	28.496678005	1000.000	3000.000	Procnias_averano-XC837786.wav	2	0.9848
16	Spectrogram 1	1	28.113548753	28.496678005	1000.000	3000.000	Procnias_averano-XC837786.wav	2	0.9848
17	Waveform 1	1	29.129421769	29.512551020	1000.000	3000.000	Procnias_averano-XC837786.wav	2	0.9697
17	Spectrogram 1	1	29.129421769	29.512551020	1000.000	3000.000	Procnias_averano-XC837786.wav	2	0.9697
19	Waveform 1	1	30.998628118	31.346927438	1000.000	3000.000	Procnias_averano-XC837786.wav	2	0.9667
19	Spectrogram 1	1	30.998628118	31.346927438	1000.000	3000.000	Procnias_averano-XC837786.wav	2	0.9667
20	Waveform 1	1	31.962256236	32.322165533	1000.000	3000.000	Procnias_averano-XC837786.wav	2	0.9194
20	Spectrogram 1	1	31.962256236	32.322165533	1000.000	3000.000	Procnias_averano-XC837786.wav	2	0.9194
21	Waveform 1	1	32.943299320	33.309013605	1000.000	3000.000	Procnias_averano-XC837786.wav	2	0.9524
21	Spectrogram 1	1	32.943299320	33.309013605	1000.000	3000.000	Procnias_averano-XC837786.wav	2	0.9524
22	Waveform 1	1	37.198356009	37.587290249	1000.000	3000.000	Procnias_averano-XC837786.wav	2	0.9552
22	Spectrogram 1	1	37.198356009	37.587290249	1000.000	3000.000	Procnias_averano-XC837786.wav	2	0.9552
23	Waveform 1	1	39.172052154	39.537766440	1000.000	3000.000	Procnias_averano-XC837786.wav	2	0.9206
23	Spectrogram 1	1	39.172052154	39.537766440	1000.000	3000.000	Procnias_averano-XC837786.wav	2	0.9206
24	Waveform 1	1	40.153095238	40.518809524	1000.000	3000.000	Procnias_averano-XC837786.wav	2	0.9206
24	Spectrogram 1	1	40.153095238	40.518809524	1000.000	3000.000	Procnias_averano-XC837786.wav	2	0.9206
25	Waveform 1	1	41.157358277	41.552097506	1000.000	3000.000	Procnias_averano-XC837786.wav	2	0.8971
25	Spectrogram 1	1	41.157358277	41.552097506	1000.000	3000.000	Procnias_averano-XC837786.wav	2	0.8971
