Selection	View	Channel	Begin Time (s)	End Time (s)	Low Freq (Hz)	High Freq (Hz)	Begin File	Tipo
1	Waveform 1	1	6.078251220	6.189450430	691.300	9063.200	Procnias_averano-ML7286.wav	1
1	Spectrogram 1	1	6.078251220	6.189450430	691.300	9063.200	Procnias_averano-ML7286.wav	1
3	Waveform 1	1	7.950077356	8.069654661	537.600	9447.200	Procnias_averano-ML7286.wav	1
3	Spectrogram 1	1	7.950077356	8.069654661	537.600	9447.200	Procnias_averano-ML7286.wav	1
4	Waveform 1	1	16.970363021	17.079069663	614.500	8602.300	Procnias_averano-ML7286.wav	2
4	Spectrogram 1	1	16.970363021	17.079069663	614.500	8602.300	Procnias_averano-ML7286.wav	2
5	Waveform 1	1	17.537811690	17.650866597	844.900	8448.700	Procnias_averano-ML7286.wav	2
5	Spectrogram 1	1	17.537811690	17.650866597	844.900	8448.700	Procnias_averano-ML7286.wav	2
6	Waveform 1	1	18.129813328	18.242868235	307.200	8448.700	Procnias_averano-ML7286.wav	2
6	Spectrogram 1	1	18.129813328	18.242868235	307.200	8448.700	Procnias_averano-ML7286.wav	2
7	Waveform 1	1	18.692913731	18.797272107	614.500	7757.400	Procnias_averano-ML7286.wav	2
7	Spectrogram 1	1	18.692913731	18.797272107	614.500	7757.400	Procnias_averano-ML7286.wav	2
8	Waveform 1	1	19.269697715	19.387100887	768.100	7066.200	Procnias_averano-ML7286.wav	2
8	Spectrogram 1	1	19.269697715	19.387100887	768.100	7066.200	Procnias_averano-ML7286.wav	2
9	Waveform 1	1	19.806532906	19.889149953	537.600	7450.200	Procnias_averano-ML7286.wav	2
9	Spectrogram 1	1	19.806532906	19.889149953	537.600	7450.200	Procnias_averano-ML7286.wav	2
10	Waveform 1	1	23.934257968	24.029919812	537.600	8909.500	Procnias_averano-ML7286.wav	2
10	Spectrogram 1	1	23.934257968	24.029919812	537.600	8909.500	Procnias_averano-ML7286.wav	2
11	Waveform 1	1	24.513664367	24.601716747	921.700	8448.700	Procnias_averano-ML7286.wav	2
11	Spectrogram 1	1	24.513664367	24.601716747	921.700	8448.700	Procnias_averano-ML7286.wav	2
12	Waveform 1	1	25.095467810	25.184607256	691.300	8295.100	Procnias_averano-ML7286.wav	2
12	Spectrogram 1	1	25.095467810	25.184607256	691.300	8295.100	Procnias_averano-ML7286.wav	2
13	Waveform 1	1	26.252403691	26.344804336	460.800	8371.900	Procnias_averano-ML7286.wav	2
13	Spectrogram 1	1	26.252403691	26.344804336	460.800	8371.900	Procnias_averano-ML7286.wav	2
14	Waveform 1	1	26.838332489	26.916601271	537.600	8602.300	Procnias_averano-ML7286.wav	2
14	Spectrogram 1	1	26.838332489	26.916601271	537.600	8602.300	Procnias_averano-ML7286.wav	2
15	Waveform 1	1	38.052359062	38.143672640	384.000	9447.200	Procnias_averano-ML7286.wav	2
15	Spectrogram 1	1	38.052359062	38.143672640	384.000	9447.200	Procnias_averano-ML7286.wav	2
16	Waveform 1	1	38.744820368	38.843743412	614.500	9293.600	Procnias_averano-ML7286.wav	2
16	Spectrogram 1	1	38.744820368	38.843743412	614.500	9293.600	Procnias_averano-ML7286.wav	2
17	Waveform 1	1	39.426708225	39.524544203	614.500	9524.000	Procnias_averano-ML7286.wav	2
17	Spectrogram 1	1	39.426708225	39.524544203	614.500	9524.000	Procnias_averano-ML7286.wav	2
18	Waveform 1	1	40.679229116	40.761846164	460.800	8832.700	Procnias_averano-ML7286.wav	2
18	Spectrogram 1	1	40.679229116	40.761846164	460.800	8832.700	Procnias_averano-ML7286.wav	2
19	Waveform 1	1	41.259945493	41.331746032	614.500	7066.200	Procnias_averano-ML7286.wav	2
19	Spectrogram 1	1	41.259945493	41.331746032	614.500	7066.200	Procnias_averano-ML7286.wav	2
20	Waveform 1	1	41.831740913	41.917619160	537.600	8986.400	Procnias_averano-ML7286.wav	2
20	Spectrogram 1	1	41.831740913	41.917619160	537.600	8986.400	Procnias_averano-ML7286.wav	2
21	Waveform 1	1	42.406051657	42.487581638	307.200	9908.000	Procnias_averano-ML7286.wav	2
21	Spectrogram 1	1	42.406051657	42.487581638	307.200	9908.000	Procnias_averano-ML7286.wav	2
22	Waveform 1	1	42.962629662	43.040898443	384.000	8986.400	Procnias_averano-ML7286.wav	2
22	Spectrogram 1	1	42.962629662	43.040898443	384.000	8986.400	Procnias_averano-ML7286.wav	2
23	Waveform 1	1	43.532544617	43.614074598	614.500	9447.200	Procnias_averano-ML7286.wav	2
23	Spectrogram 1	1	43.532544617	43.614074598	614.500	9447.200	Procnias_averano-ML7286.wav	2
24	Waveform 1	1	44.120647547	44.214135259	614.500	8909.500	Procnias_averano-ML7286.wav	2
24	Spectrogram 1	1	44.120647547	44.214135259	614.500	8909.500	Procnias_averano-ML7286.wav	2
25	Waveform 1	1	44.706835143	44.789452190	691.300	9140.000	Procnias_averano-ML7286.wav	2
25	Spectrogram 1	1	44.706835143	44.789452190	691.300	9140.000	Procnias_averano-ML7286.wav	2
26	Waveform 1	1	45.264648821	45.363571865	614.500	8909.500	Procnias_averano-ML7286.wav	2
26	Spectrogram 1	1	45.264648821	45.363571865	614.500	8909.500	Procnias_averano-ML7286.wav	2
27	Waveform 1	1	45.849672516	45.934463696	614.500	8448.700	Procnias_averano-ML7286.wav	2
27	Spectrogram 1	1	45.849672516	45.934463696	614.500	8448.700	Procnias_averano-ML7286.wav	2
28	Waveform 1	1	46.430165982	46.510608897	614.500	8986.400	Procnias_averano-ML7286.wav	2
28	Spectrogram 1	1	46.430165982	46.510608897	614.500	8986.400	Procnias_averano-ML7286.wav	2
29	Waveform 1	1	46.999037349	47.083828529	921.700	8679.100	Procnias_averano-ML7286.wav	2
29	Spectrogram 1	1	46.999037349	47.083828529	921.700	8679.100	Procnias_averano-ML7286.wav	2
30	Waveform 1	1	47.562137752	47.631710003	614.500	9908.000	Procnias_averano-ML7286.wav	2
30	Spectrogram 1	1	47.562137752	47.631710003	614.500	9908.000	Procnias_averano-ML7286.wav	2
31	Waveform 1	1	48.143977082	48.216810531	768.100	8986.400	Procnias_averano-ML7286.wav	2
31	Spectrogram 1	1	48.143977082	48.216810531	768.100	8986.400	Procnias_averano-ML7286.wav	2
32	Waveform 1	1	48.674465492	48.752734274	614.500	8295.100	Procnias_averano-ML7286.wav	2
32	Spectrogram 1	1	48.674465492	48.752734274	614.500	8295.100	Procnias_averano-ML7286.wav	2
33	Waveform 1	1	49.242249793	49.335737505	614.500	8755.900	Procnias_averano-ML7286.wav	2
33	Spectrogram 1	1	49.242249793	49.335737505	614.500	8755.900	Procnias_averano-ML7286.wav	2
34	Waveform 1	1	49.809698462	49.892315509	614.500	8602.300	Procnias_averano-ML7286.wav	2
34	Spectrogram 1	1	49.809698462	49.892315509	614.500	8602.300	Procnias_averano-ML7286.wav	2
35	Waveform 1	1	50.368670980	50.451288027	768.100	7603.800	Procnias_averano-ML7286.wav	2
35	Spectrogram 1	1	50.368670980	50.451288027	768.100	7603.800	Procnias_averano-ML7286.wav	2
36	Waveform 1	1	50.915465387	50.996995368	614.500	8679.100	Procnias_averano-ML7286.wav	2
36	Spectrogram 1	1	50.915465387	50.996995368	614.500	8679.100	Procnias_averano-ML7286.wav	2
37	Waveform 1	1	81.072054649	81.150323431	537.600	9063.200	Procnias_averano-ML7286.wav	1
37	Spectrogram 1	1	81.072054649	81.150323431	537.600	9063.200	Procnias_averano-ML7286.wav	1
38	Waveform 1	1	83.259865123	83.335959772	537.600	9524.000	Procnias_averano-ML7286.wav	1
38	Spectrogram 1	1	83.259865123	83.335959772	537.600	9524.000	Procnias_averano-ML7286.wav	1
39	Waveform 1	1	85.457343943	85.531264460	614.500	8832.700	Procnias_averano-ML7286.wav	1
39	Spectrogram 1	1	85.457343943	85.531264460	614.500	8832.700	Procnias_averano-ML7286.wav	1
40	Waveform 1	1	53.765205414	53.852225955	876.159	5475.993	Procnias_averano-ML7286.wav	2
40	Spectrogram 1	1	53.765205414	53.852225955	876.159	5475.993	Procnias_averano-ML7286.wav	2
41	Waveform 1	1	54.326628263	54.424877261	876.159	5549.007	Procnias_averano-ML7286.wav	2
41	Spectrogram 1	1	54.326628263	54.424877261	876.159	5549.007	Procnias_averano-ML7286.wav	2
42	Waveform 1	1	59.178280848	59.270915618	876.159	5183.940	Procnias_averano-ML7286.wav	1
42	Spectrogram 1	1	59.178280848	59.270915618	876.159	5183.940	Procnias_averano-ML7286.wav	1
43	Waveform 1	1	62.731529714	62.835392941	584.106	6498.179	Procnias_averano-ML7286.wav	1
43	Spectrogram 1	1	62.731529714	62.835392941	584.106	6498.179	Procnias_averano-ML7286.wav	1
44	Waveform 1	1	66.260299082	66.366969423	584.106	5329.967	Procnias_averano-ML7286.wav	1
44	Spectrogram 1	1	66.260299082	66.366969423	584.106	5329.967	Procnias_averano-ML7286.wav	1
45	Waveform 1	1	69.389766659	69.485208543	803.146	5329.967	Procnias_averano-ML7286.wav	1
45	Spectrogram 1	1	69.389766659	69.485208543	803.146	5329.967	Procnias_averano-ML7286.wav	1
46	Waveform 1	1	71.593077580	71.685712350	511.093	5256.954	Procnias_averano-ML7286.wav	1
46	Spectrogram 1	1	71.593077580	71.685712350	511.093	5256.954	Procnias_averano-ML7286.wav	1
47	Waveform 1	1	76.667689405	76.768745518	730.132	5256.954	Procnias_averano-ML7286.wav	1
47	Spectrogram 1	1	76.667689405	76.768745518	730.132	5256.954	Procnias_averano-ML7286.wav	1
48	Waveform 1	1	78.992800247	79.099470588	584.106	5329.967	Procnias_averano-ML7286.wav	1
48	Spectrogram 1	1	78.992800247	79.099470588	584.106	5329.967	Procnias_averano-ML7286.wav	1
49	Waveform 1	1	87.623556312	87.708908281	584.106	6425.166	Procnias_averano-ML7286.wav	1
49	Spectrogram 1	1	87.623556312	87.708908281	584.106	6425.166	Procnias_averano-ML7286.wav	1
50	Waveform 1	1	98.769857613	98.892923243	803.146	4964.901	Procnias_averano-ML7286.wav	2
50	Spectrogram 1	1	98.769857613	98.892923243	803.146	4964.901	Procnias_averano-ML7286.wav	2
51	Waveform 1	1	99.367321397	99.486417168	584.106	5329.967	Procnias_averano-ML7286.wav	2
51	Spectrogram 1	1	99.367321397	99.486417168	584.106	5329.967	Procnias_averano-ML7286.wav	2
52	Waveform 1	1	99.942950957	100.109685037	657.119	6133.113	Procnias_averano-ML7286.wav	2
52	Spectrogram 1	1	99.942950957	100.109685037	657.119	6133.113	Procnias_averano-ML7286.wav	2
53	Waveform 1	1	100.549919890	100.653136225	657.119	5037.914	Procnias_averano-ML7286.wav	2
53	Spectrogram 1	1	100.549919890	100.653136225	657.119	5037.914	Procnias_averano-ML7286.wav	2
54	Waveform 1	1	101.117330065	101.226501189	584.106	5183.940	Procnias_averano-ML7286.wav	2
54	Spectrogram 1	1	101.117330065	101.226501189	584.106	5183.940	Procnias_averano-ML7286.wav	2
55	Waveform 1	1	101.696929484	101.823964973	365.066	5475.993	Procnias_averano-ML7286.wav	2
55	Spectrogram 1	1	101.696929484	101.823964973	365.066	5475.993	Procnias_averano-ML7286.wav	2
56	Waveform 1	1	102.250724820	102.385700027	438.079	5695.033	Procnias_averano-ML7286.wav	2
56	Spectrogram 1	1	102.250724820	102.385700027	438.079	5695.033	Procnias_averano-ML7286.wav	2
57	Waveform 1	1	102.835859527	102.954955298	730.132	5183.940	Procnias_averano-ML7286.wav	2
57	Spectrogram 1	1	102.835859527	102.954955298	730.132	5183.940	Procnias_averano-ML7286.wav	2
58	Waveform 1	1	103.434410147	103.527701835	657.119	5402.980	Procnias_averano-ML7286.wav	2
58	Spectrogram 1	1	103.434410147	103.527701835	657.119	5402.980	Procnias_averano-ML7286.wav	2
59	Waveform 1	1	103.989920933	104.101076986	365.066	5256.954	Procnias_averano-ML7286.wav	2
59	Spectrogram 1	1	103.989920933	104.101076986	365.066	5256.954	Procnias_averano-ML7286.wav	2
60	Waveform 1	1	104.555625845	104.666781898	511.093	5695.033	Procnias_averano-ML7286.wav	2
60	Spectrogram 1	1	104.555625845	104.666781898	511.093	5695.033	Procnias_averano-ML7286.wav	2
61	Waveform 1	1	105.130217477	105.227479024	657.119	5695.033	Procnias_averano-ML7286.wav	2
61	Spectrogram 1	1	105.130217477	105.227479024	657.119	5695.033	Procnias_averano-ML7286.wav	2
62	Waveform 1	1	105.674088165	105.769364782	584.106	5914.073	Procnias_averano-ML7286.wav	2
62	Spectrogram 1	1	105.674088165	105.769364782	584.106	5914.073	Procnias_averano-ML7286.wav	2
63	Waveform 1	1	106.291401245	106.378738144	365.066	5549.007	Procnias_averano-ML7286.wav	2
63	Spectrogram 1	1	106.291401245	106.378738144	365.066	5549.007	Procnias_averano-ML7286.wav	2
64	Waveform 1	1	106.841285816	106.940532292	730.132	5622.020	Procnias_averano-ML7286.wav	2
64	Spectrogram 1	1	106.841285816	106.940532292	730.132	5622.020	Procnias_averano-ML7286.wav	2
65	Waveform 1	1	107.424855094	107.530056359	876.159	5475.993	Procnias_averano-ML7286.wav	2
65	Spectrogram 1	1	107.424855094	107.530056359	876.159	5475.993	Procnias_averano-ML7286.wav	2
66	Waveform 1	1	107.992544936	108.095761271	1168.212	5402.980	Procnias_averano-ML7286.wav	2
66	Spectrogram 1	1	107.992544936	108.095761271	1168.212	5402.980	Procnias_averano-ML7286.wav	2
67	Waveform 1	1	113.028468032	113.127714508	730.132	5110.927	Procnias_averano-ML7286.wav	2
67	Spectrogram 1	1	113.028468032	113.127714508	730.132	5110.927	Procnias_averano-ML7286.wav	2
68	Waveform 1	1	113.592188015	113.683494772	584.106	5329.967	Procnias_averano-ML7286.wav	2
68	Spectrogram 1	1	113.592188015	113.683494772	584.106	5329.967	Procnias_averano-ML7286.wav	2
69	Waveform 1	1	114.136247443	114.229539131	584.106	5256.954	Procnias_averano-ML7286.wav	2
69	Spectrogram 1	1	114.136247443	114.229539131	584.106	5256.954	Procnias_averano-ML7286.wav	2
70	Waveform 1	1	114.682103061	114.791274184	657.119	5183.940	Procnias_averano-ML7286.wav	2
70	Spectrogram 1	1	114.682103061	114.791274184	657.119	5183.940	Procnias_averano-ML7286.wav	2
71	Waveform 1	1	115.225973748	115.313310647	876.159	5256.954	Procnias_averano-ML7286.wav	2
71	Spectrogram 1	1	115.225973748	115.313310647	876.159	5256.954	Procnias_averano-ML7286.wav	2
72	Waveform 1	1	123.578832257	123.680063662	292.053	5622.020	Procnias_averano-ML7286.wav	1
72	Spectrogram 1	1	123.578832257	123.680063662	292.053	5622.020	Procnias_averano-ML7286.wav	1
73	Waveform 1	1	133.308941996	133.404218613	730.132	5475.993	Procnias_averano-ML7286.wav	1
73	Spectrogram 1	1	133.308941996	133.404218613	730.132	5475.993	Procnias_averano-ML7286.wav	1
74	Waveform 1	1	136.997797116	137.093073733	584.106	5475.993	Procnias_averano-ML7286.wav	1
74	Spectrogram 1	1	136.997797116	137.093073733	584.106	5475.993	Procnias_averano-ML7286.wav	1
75	Waveform 1	1	142.948034832	143.061175814	584.106	5110.927	Procnias_averano-ML7286.wav	2
75	Spectrogram 1	1	142.948034832	143.061175814	584.106	5110.927	Procnias_averano-ML7286.wav	2
76	Waveform 1	1	143.720172414	143.849192833	803.146	5549.007	Procnias_averano-ML7286.wav	2
76	Spectrogram 1	1	143.720172414	143.849192833	803.146	5549.007	Procnias_averano-ML7286.wav	2
77	Waveform 1	1	144.436162450	144.547318503	730.132	5110.927	Procnias_averano-ML7286.wav	2
77	Spectrogram 1	1	144.436162450	144.547318503	730.132	5110.927	Procnias_averano-ML7286.wav	2
78	Waveform 1	1	145.069354966	145.180511019	730.132	5402.980	Procnias_averano-ML7286.wav	2
78	Spectrogram 1	1	145.069354966	145.180511019	730.132	5402.980	Procnias_averano-ML7286.wav	2
79	Waveform 1	1	145.708502271	145.805763817	876.159	5329.967	Procnias_averano-ML7286.wav	2
79	Spectrogram 1	1	145.708502271	145.805763817	876.159	5329.967	Procnias_averano-ML7286.wav	2
80	Waveform 1	1	146.326014278	146.423275825	365.066	5402.980	Procnias_averano-ML7286.wav	2
80	Spectrogram 1	1	146.326014278	146.423275825	365.066	5402.980	Procnias_averano-ML7286.wav	2
81	Waveform 1	1	146.986995808	147.090212143	438.079	5622.020	Procnias_averano-ML7286.wav	2
81	Spectrogram 1	1	146.986995808	147.090212143	438.079	5622.020	Procnias_averano-ML7286.wav	2
82	Waveform 1	1	148.841587312	148.950758436	803.146	5329.967	Procnias_averano-ML7286.wav	2
82	Spectrogram 1	1	148.841587312	148.950758436	803.146	5329.967	Procnias_averano-ML7286.wav	2
83	Waveform 1	1	161.732571107	161.839757301	657.119	5110.927	Procnias_averano-ML7286.wav	2
83	Spectrogram 1	1	161.732571107	161.839757301	657.119	5110.927	Procnias_averano-ML7286.wav	2
84	Waveform 1	1	162.324080103	162.419356720	730.132	5402.980	Procnias_averano-ML7286.wav	2
84	Spectrogram 1	1	162.324080103	162.419356720	730.132	5402.980	Procnias_averano-ML7286.wav	2
85	Waveform 1	1	162.893754875	163.004910928	584.106	5110.927	Procnias_averano-ML7286.wav	2
85	Spectrogram 1	1	162.893754875	163.004910928	584.106	5110.927	Procnias_averano-ML7286.wav	2
86	Waveform 1	1	163.458282026	163.587302445	584.106	5183.940	Procnias_averano-ML7286.wav	2
86	Spectrogram 1	1	163.458282026	163.587302445	584.106	5183.940	Procnias_averano-ML7286.wav	2
87	Waveform 1	1	164.043836234	164.190721018	949.172	4964.901	Procnias_averano-ML7286.wav	2
87	Spectrogram 1	1	164.043836234	164.190721018	949.172	4964.901	Procnias_averano-ML7286.wav	2
88	Waveform 1	1	164.619465794	164.732606776	876.159	5110.927	Procnias_averano-ML7286.wav	2
88	Spectrogram 1	1	164.619465794	164.732606776	876.159	5110.927	Procnias_averano-ML7286.wav	2
90	Waveform 1	1	166.829838277	166.946949118	949.172	5037.914	Procnias_averano-ML7286.wav	2
90	Spectrogram 1	1	166.829838277	166.946949118	949.172	5037.914	Procnias_averano-ML7286.wav	2
91	Waveform 1	1	142.168845439	142.285956280	584.106	5256.954	Procnias_averano-ML7286.wav	2
91	Spectrogram 1	1	142.168845439	142.285956280	584.106	5256.954	Procnias_averano-ML7286.wav	2
