Selection	View	Channel	Begin Time (s)	End Time (s)	Low Freq (Hz)	High Freq (Hz)	Begin File	Tipo
1	Waveform 1	1	0.710199904	0.808448902	1102.500	3307.500	Procnias_averano-XC427842.wav	1
1	Spectrogram 1	1	0.710199904	0.808448902	1102.500	3307.500	Procnias_averano-XC427842.wav	1
2	Waveform 1	1	1.924580026	2.039671710	945.000	3045.000	Procnias_averano-XC427842.wav	1
2	Spectrogram 1	1	1.924580026	2.039671710	945.000	3045.000	Procnias_averano-XC427842.wav	1
3	Waveform 1	1	4.207370439	4.302812323	840.000	3045.000	Procnias_averano-XC427842.wav	1
3	Spectrogram 1	1	4.207370439	4.302812323	840.000	3045.000	Procnias_averano-XC427842.wav	1
4	Waveform 1	1	6.639406219	6.765726360	945.000	3150.000	Procnias_averano-XC427842.wav	1
4	Spectrogram 1	1	6.639406219	6.765726360	945.000	3150.000	Procnias_averano-XC427842.wav	1
5	Waveform 1	1	7.763739096	7.892866351	1050.000	3202.500	Procnias_averano-XC427842.wav	1
5	Spectrogram 1	1	7.763739096	7.892866351	1050.000	3202.500	Procnias_averano-XC427842.wav	1
6	Waveform 1	1	8.921757343	9.050884598	997.500	3097.500	Procnias_averano-XC427842.wav	1
6	Spectrogram 1	1	8.921757343	9.050884598	997.500	3097.500	Procnias_averano-XC427842.wav	1
7	Waveform 1	1	10.263034897	10.389355038	1102.500	3097.500	Procnias_averano-XC427842.wav	2
7	Spectrogram 1	1	10.263034897	10.389355038	1102.500	3097.500	Procnias_averano-XC427842.wav	2
8	Waveform 1	1	11.436408651	11.515007850	912.414	2965.345	Procnias_averano-XC427842.wav	1
8	Spectrogram 1	1	11.436408651	11.515007850	912.414	2965.345	Procnias_averano-XC427842.wav	1
9	Waveform 1	1	12.601361063	12.719259861	988.448	3497.586	Procnias_averano-XC427842.wav	1
9	Spectrogram 1	1	12.601361063	12.719259861	988.448	3497.586	Procnias_averano-XC427842.wav	1
10	Waveform 1	1	17.593899911	17.692148910	1064.483	3345.517	Procnias_averano-XC427842.wav	1
10	Spectrogram 1	1	17.593899911	17.692148910	1064.483	3345.517	Procnias_averano-XC427842.wav	1
11	Waveform 1	1	18.594278621	18.731827219	1064.483	3269.483	Procnias_averano-XC427842.wav	1
11	Spectrogram 1	1	18.594278621	18.731827219	1064.483	3269.483	Procnias_averano-XC427842.wav	1
12	Waveform 1	1	21.437282994	21.557988907	912.414	3345.517	Procnias_averano-XC427842.wav	1
12	Spectrogram 1	1	21.437282994	21.557988907	912.414	3345.517	Procnias_averano-XC427842.wav	1
13	Waveform 1	1	37.642429212	37.768749353	988.448	3269.483	Procnias_averano-XC427842.wav	1
13	Spectrogram 1	1	37.642429212	37.768749353	988.448	3269.483	Procnias_averano-XC427842.wav	1
14	Waveform 1	1	43.405136991	43.506193104	836.379	3269.483	Procnias_averano-XC427842.wav	1
14	Spectrogram 1	1	43.405136991	43.506193104	836.379	3269.483	Procnias_averano-XC427842.wav	1
15	Waveform 1	1	46.136624652	46.232066537	912.414	3269.483	Procnias_averano-XC427842.wav	1
15	Spectrogram 1	1	46.136624652	46.232066537	912.414	3269.483	Procnias_averano-XC427842.wav	1
16	Waveform 1	1	49.655703290	49.790444774	1064.483	3117.414	Procnias_averano-XC427842.wav	1
16	Spectrogram 1	1	49.655703290	49.790444774	1064.483	3117.414	Procnias_averano-XC427842.wav	1
