Selection	View	Channel	Begin Time (s)	End Time (s)	Low Freq (Hz)	High Freq (Hz)	Begin File	Tipo	Occupancy
1	Waveform 1	1	1.027471655	1.162145297	1000.000	3000.000	Procnias_averano-WA1905136.wav 	2	0.7250
1	Spectrogram 1	1	1.027471655	1.162145297	1000.000	3000.000	Procnias_averano-WA1905136.wav 	2	0.7250
3	Waveform 1	1	1.950464853	2.054807627	1000.000	3000.000	Procnias_averano-WA1905136.wav 	2	0.9636
3	Spectrogram 1	1	1.950464853	2.054807627	1000.000	3000.000	Procnias_averano-WA1905136.wav 	2	0.9636
4	Waveform 1	1	2.983752834	3.099281448	1000.000	3000.000	Procnias_averano-WA1905136.wav 	2	0.8750
4	Spectrogram 1	1	2.983752834	3.099281448	1000.000	3000.000	Procnias_averano-WA1905136.wav 	2	0.8750
7	Waveform 1	1	3.929965986	4.050893176	1000.000	3000.000	Procnias_averano-WA1905136.wav 	2	0.9636
7	Spectrogram 1	1	3.929965986	4.050893176	1000.000	3000.000	Procnias_averano-WA1905136.wav 	2	0.9636
8	Waveform 1	1	4.940034014	5.091297064	1000.000	3000.000	Procnias_averano-WA1905136.wav 	2	0.9661
8	Spectrogram 1	1	4.940034014	5.091297064	1000.000	3000.000	Procnias_averano-WA1905136.wav 	2	0.9661
11	Waveform 1	1	5.857222222	5.975538051	1000.000	3000.000	Procnias_averano-WA1905136.wav 	2	0.9107
11	Spectrogram 1	1	5.857222222	5.975538051	1000.000	3000.000	Procnias_averano-WA1905136.wav 	2	0.9107
12	Waveform 1	1	6.826655329	6.956360680	1000.000	3000.000	Procnias_averano-WA1905136.wav 	2	0.8548
12	Spectrogram 1	1	6.826655329	6.956360680	1000.000	3000.000	Procnias_averano-WA1905136.wav 	2	0.8548
15	Waveform 1	1	7.720623583	7.846215895	1000.000	3000.000	Procnias_averano-WA1905136.wav 	2	0.8939
15	Spectrogram 1	1	7.720623583	7.846215895	1000.000	3000.000	Procnias_averano-WA1905136.wav 	2	0.8939
16	Waveform 1	1	8.632006803	8.743298842	1000.000	3000.000	Procnias_averano-WA1905136.wav 	2	0.8226
16	Spectrogram 1	1	8.632006803	8.743298842	1000.000	3000.000	Procnias_averano-WA1905136.wav 	2	0.8226
17	Waveform 1	1	9.549195011	9.683682113	1000.000	3000.000	Procnias_averano-WA1905136.wav 	2	0.9815
17	Spectrogram 1	1	9.549195011	9.683682113	1000.000	3000.000	Procnias_averano-WA1905136.wav 	2	0.9815
20	Waveform 1	1	10.477993197	10.619749629	1000.000	3000.000	Procnias_averano-WA1905136.wav 	2	0.9630
20	Spectrogram 1	1	10.477993197	10.619749629	1000.000	3000.000	Procnias_averano-WA1905136.wav 	2	0.9630
21	Waveform 1	1	11.331326531	11.442234102	1000.000	3000.000	Procnias_averano-WA1905136.wav 	2	0.9310
21	Spectrogram 1	1	11.331326531	11.442234102	1000.000	3000.000	Procnias_averano-WA1905136.wav 	2	0.9310
25	Waveform 1	1	12.718718821	12.862703417	1000.000	3000.000	Procnias_averano-WA1905136.wav 	2	0.9667
25	Spectrogram 1	1	12.718718821	12.862703417	1000.000	3000.000	Procnias_averano-WA1905136.wav 	2	0.9667
27	Waveform 1	1	13.572052154	13.696416347	1000.000	3000.000	Procnias_averano-WA1905136.wav 	2	0.8429
27	Spectrogram 1	1	13.572052154	13.696416347	1000.000	3000.000	Procnias_averano-WA1905136.wav 	2	0.8429
28	Waveform 1	1	14.442800454	14.569428877	1000.000	3000.000	Procnias_averano-WA1905136.wav 	2	0.9180
28	Spectrogram 1	1	14.442800454	14.569428877	1000.000	3000.000	Procnias_averano-WA1905136.wav 	2	0.9180
29	Waveform 1	1	15.296133787	15.417562516	1000.000	3000.000	Procnias_averano-WA1905136.wav 	2	0.9636
29	Spectrogram 1	1	15.296133787	15.417562516	1000.000	3000.000	Procnias_averano-WA1905136.wav 	2	0.9636
33	Waveform 1	1	16.190102041	16.335488874	1000.000	3000.000	Procnias_averano-WA1905136.wav 	2	0.9483
33	Spectrogram 1	1	16.190102041	16.335488874	1000.000	3000.000	Procnias_averano-WA1905136.wav 	2	0.9483
34	Waveform 1	1	17.043435374	17.189201988	1000.000	3000.000	Procnias_averano-WA1905136.wav 	2	0.9655
34	Spectrogram 1	1	17.043435374	17.189201988	1000.000	3000.000	Procnias_averano-WA1905136.wav 	2	0.9655
37	Waveform 1	1	17.879353741	17.998475318	1000.000	3000.000	Procnias_averano-WA1905136.wav 	2	0.9333
37	Spectrogram 1	1	17.879353741	17.998475318	1000.000	3000.000	Procnias_averano-WA1905136.wav 	2	0.9333
38	Waveform 1	1	18.628197279	18.787274420	1000.000	3000.000	Procnias_averano-WA1905136.wav 	2	1.0000
38	Spectrogram 1	1	18.628197279	18.787274420	1000.000	3000.000	Procnias_averano-WA1905136.wav 	2	1.0000
39	Waveform 1	1	19.440895692	19.570459294	1000.000	3000.000	Procnias_averano-WA1905136.wav 	2	0.9815
39	Spectrogram 1	1	19.440895692	19.570459294	1000.000	3000.000	Procnias_averano-WA1905136.wav 	2	0.9815
43	Waveform 1	1	24.711825397	24.875764553	1000.000	3000.000	Procnias_averano-WA1905136.wav 	2	0.8990
43	Spectrogram 1	1	24.711825397	24.875764553	1000.000	3000.000	Procnias_averano-WA1905136.wav 	2	0.8990
45	Waveform 1	1	28.502482993	28.690138167	1000.000	3000.000	Procnias_averano-WA1905136.wav 	2	0.8438
45	Spectrogram 1	1	28.502482993	28.690138167	1000.000	3000.000	Procnias_averano-WA1905136.wav 	2	0.8438
47	Waveform 1	1	30.452959184	30.559676254	1000.000	3000.000	Procnias_averano-WA1905136.wav 	2	0.9275
47	Spectrogram 1	1	30.452959184	30.559676254	1000.000	3000.000	Procnias_averano-WA1905136.wav 	2	0.9275
49	Waveform 1	1	32.020306122	32.189134542	1000.000	3000.000	Procnias_averano-WA1905136.wav 	2	0.8923
49	Spectrogram 1	1	32.020306122	32.189134542	1000.000	3000.000	Procnias_averano-WA1905136.wav 	2	0.8923
50	Waveform 1	1	33.285793651	33.471985752	1000.000	3000.000	Procnias_averano-WA1905136.wav 	2	0.8824
50	Spectrogram 1	1	33.285793651	33.471985752	1000.000	3000.000	Procnias_averano-WA1905136.wav 	2	0.8824
53	Waveform 1	1	34.487426304	34.643095943	1000.000	3000.000	Procnias_averano-WA1905136.wav 	2	0.9375
53	Spectrogram 1	1	34.487426304	34.643095943	1000.000	3000.000	Procnias_averano-WA1905136.wav 	2	0.9375
55	Waveform 1	1	35.735498866	35.886647553	1000.000	3000.000	Procnias_averano-WA1905136.wav 	2	0.8824
55	Spectrogram 1	1	35.735498866	35.886647553	1000.000	3000.000	Procnias_averano-WA1905136.wav 	2	0.8824
56	Waveform 1	1	36.809421769	36.974140823	1000.000	3000.000	Procnias_averano-WA1905136.wav 	2	0.8971
56	Spectrogram 1	1	36.809421769	36.974140823	1000.000	3000.000	Procnias_averano-WA1905136.wav 	2	0.8971
59	Waveform 1	1	38.806337868	38.994421649	1000.000	3000.000	Procnias_averano-WA1905136.wav 	2	1.0000
59	Spectrogram 1	1	38.806337868	38.994421649	1000.000	3000.000	Procnias_averano-WA1905136.wav 	2	1.0000
61	Waveform 1	1	39.752551020	39.917962235	1000.000	3000.000	Procnias_averano-WA1905136.wav 	2	0.9167
61	Spectrogram 1	1	39.752551020	39.917962235	1000.000	3000.000	Procnias_averano-WA1905136.wav 	2	0.9167
62	Waveform 1	1	40.716179138	40.889223764	1000.000	3000.000	Procnias_averano-WA1905136.wav 	2	1.0000
62	Spectrogram 1	1	40.716179138	40.889223764	1000.000	3000.000	Procnias_averano-WA1905136.wav 	2	1.0000
65	Waveform 1	1	41.650782313	41.765043408	1000.000	3000.000	Procnias_averano-WA1905136.wav 	2	0.8429
65	Spectrogram 1	1	41.650782313	41.765043408	1000.000	3000.000	Procnias_averano-WA1905136.wav 	2	0.8429
66	Waveform 1	1	42.626020408	42.793619635	1000.000	3000.000	Procnias_averano-WA1905136.wav 	2	0.8108
66	Spectrogram 1	1	42.626020408	42.793619635	1000.000	3000.000	Procnias_averano-WA1905136.wav 	2	0.8108
69	Waveform 1	1	43.560623583	43.703124650	1000.000	3000.000	Procnias_averano-WA1905136.wav 	2	0.9104
69	Spectrogram 1	1	43.560623583	43.703124650	1000.000	3000.000	Procnias_averano-WA1905136.wav 	2	0.9104
70	Waveform 1	1	44.454591837	44.595786980	1000.000	3000.000	Procnias_averano-WA1905136.wav 	2	0.9355
70	Spectrogram 1	1	44.454591837	44.595786980	1000.000	3000.000	Procnias_averano-WA1905136.wav 	2	0.9355
71	Waveform 1	1	45.395000000	45.572103382	1000.000	3000.000	Procnias_averano-WA1905136.wav 	2	0.8710
71	Spectrogram 1	1	45.395000000	45.572103382	1000.000	3000.000	Procnias_averano-WA1905136.wav 	2	0.8710
75	Waveform 1	1	46.294773243	46.417044769	1000.000	3000.000	Procnias_averano-WA1905136.wav 	2	0.9333
75	Spectrogram 1	1	46.294773243	46.417044769	1000.000	3000.000	Procnias_averano-WA1905136.wav 	2	0.9333
76	Waveform 1	1	47.182936508	47.307725611	1000.000	3000.000	Procnias_averano-WA1905136.wav 	2	0.9661
76	Spectrogram 1	1	47.182936508	47.307725611	1000.000	3000.000	Procnias_averano-WA1905136.wav 	2	0.9661
79	Waveform 1	1	48.042074830	48.180738141	1000.000	3000.000	Procnias_averano-WA1905136.wav 	2	0.9683
79	Spectrogram 1	1	48.042074830	48.180738141	1000.000	3000.000	Procnias_averano-WA1905136.wav 	2	0.9683
80	Waveform 1	1	48.994092971	49.176380321	1000.000	3000.000	Procnias_averano-WA1905136.wav 	2	0.9375
80	Spectrogram 1	1	48.994092971	49.176380321	1000.000	3000.000	Procnias_averano-WA1905136.wav 	2	0.9375
83	Waveform 1	1	49.841621315	50.007286137	1000.000	3000.000	Procnias_averano-WA1905136.wav 	2	0.9091
83	Spectrogram 1	1	49.841621315	50.007286137	1000.000	3000.000	Procnias_averano-WA1905136.wav 	2	0.9091
84	Waveform 1	1	50.700759637	50.883968559	1000.000	3000.000	Procnias_averano-WA1905136.wav 	2	0.8710
84	Spectrogram 1	1	50.700759637	50.883968559	1000.000	3000.000	Procnias_averano-WA1905136.wav 	2	0.8710
87	Waveform 1	1	51.577312925	51.737331289	1000.000	3000.000	Procnias_averano-WA1905136.wav 	2	0.8525
87	Spectrogram 1	1	51.577312925	51.737331289	1000.000	3000.000	Procnias_averano-WA1905136.wav 	2	0.8525
88	Waveform 1	1	52.384206349	52.565429991	1000.000	3000.000	Procnias_averano-WA1905136.wav 	2	0.8814
88	Spectrogram 1	1	52.384206349	52.565429991	1000.000	3000.000	Procnias_averano-WA1905136.wav 	2	0.8814
89	Waveform 1	1	53.191099773	53.374544907	1000.000	3000.000	Procnias_averano-WA1905136.wav 	2	0.9180
89	Spectrogram 1	1	53.191099773	53.374544907	1000.000	3000.000	Procnias_averano-WA1905136.wav 	2	0.9180
92	Waveform 1	1	54.003798186	54.118430182	1000.000	3000.000	Procnias_averano-WA1905136.wav 	2	0.9636
92	Spectrogram 1	1	54.003798186	54.118430182	1000.000	3000.000	Procnias_averano-WA1905136.wav 	2	0.9636
93	Waveform 1	1	54.804886621	54.964197196	1000.000	3000.000	Procnias_averano-WA1905136.wav 	2	0.9455
93	Spectrogram 1	1	54.804886621	54.964197196	1000.000	3000.000	Procnias_averano-WA1905136.wav 	2	0.9455
96	Waveform 1	1	55.576950113	55.727732270	1000.000	3000.000	Procnias_averano-WA1905136.wav 	2	0.9636
96	Spectrogram 1	1	55.576950113	55.727732270	1000.000	3000.000	Procnias_averano-WA1905136.wav 	2	0.9636
97	Waveform 1	1	56.349013605	56.518145475	1000.000	3000.000	Procnias_averano-WA1905136.wav 	2	0.9831
97	Spectrogram 1	1	56.349013605	56.518145475	1000.000	3000.000	Procnias_averano-WA1905136.wav 	2	0.9831
98	Waveform 1	1	57.092052154	57.306944577	1000.000	3000.000	Procnias_averano-WA1905136.wav 	2	0.8169
98	Spectrogram 1	1	57.092052154	57.306944577	1000.000	3000.000	Procnias_averano-WA1905136.wav 	2	0.8169
102	Waveform 1	1	57.846700680	58.019951595	1000.000	3000.000	Procnias_averano-WA1905136.wav 	2	0.9273
102	Spectrogram 1	1	57.846700680	58.019951595	1000.000	3000.000	Procnias_averano-WA1905136.wav 	2	0.9273
103	Waveform 1	1	58.583934240	58.760620423	1000.000	3000.000	Procnias_averano-WA1905136.wav 	2	0.9000
103	Spectrogram 1	1	58.583934240	58.760620423	1000.000	3000.000	Procnias_averano-WA1905136.wav 	2	0.9000
104	Waveform 1	1	59.309557823	59.470820327	1000.000	3000.000	Procnias_averano-WA1905136.wav 	2	0.9180
104	Spectrogram 1	1	59.309557823	59.470820327	1000.000	3000.000	Procnias_averano-WA1905136.wav 	2	0.9180
108	Waveform 1	1	60.035181406	60.225934059	1000.000	3000.000	Procnias_averano-WA1905136.wav 	2	0.9500
108	Spectrogram 1	1	60.035181406	60.225934059	1000.000	3000.000	Procnias_averano-WA1905136.wav 	2	0.9500
109	Waveform 1	1	60.766609977	60.963171706	1000.000	3000.000	Procnias_averano-WA1905136.wav 	2	0.8235
109	Spectrogram 1	1	60.766609977	60.963171706	1000.000	3000.000	Procnias_averano-WA1905136.wav 	2	0.8235
112	Waveform 1	1	67.424931973	67.646964425	1000.000	3000.000	Procnias_averano-WA1905136.wav 	1	0.8217
112	Spectrogram 1	1	67.424931973	67.646964425	1000.000	3000.000	Procnias_averano-WA1905136.wav 	1	0.8217
114	Waveform 1	1	71.053049887	71.209890770	1000.000	3000.000	Procnias_averano-WA1905136.wav 	1	0.8495
114	Spectrogram 1	1	71.053049887	71.209890770	1000.000	3000.000	Procnias_averano-WA1905136.wav 	1	0.8495
116	Waveform 1	1	73.758174603	73.963579737	1000.000	3000.000	Procnias_averano-WA1905136.wav 	2	0.8902
116	Spectrogram 1	1	73.758174603	73.963579737	1000.000	3000.000	Procnias_averano-WA1905136.wav 	2	0.8902
117	Waveform 1	1	75.371961451	75.551373000	1000.000	3000.000	Procnias_averano-WA1905136.wav 	2	0.9636
117	Spectrogram 1	1	75.371961451	75.551373000	1000.000	3000.000	Procnias_averano-WA1905136.wav 	2	0.9636
121	Waveform 1	1	76.662234122	76.855925004	840.000	3150.000	Procnias_averano-WA1905136.wav 	2	
121	Spectrogram 1	1	76.662234122	76.855925004	840.000	3150.000	Procnias_averano-WA1905136.wav 	2	
