Selection	View	Channel	Begin Time (s)	End Time (s)	Low Freq (Hz)	High Freq (Hz)	Begin File	Tipo	Occupancy
1	Waveform 1	1	0.383117914	0.471595193	1000.000	3000.000	Procnias_averano-XC24178.wav	2	0.8636
1	Spectrogram 1	1	0.383117914	0.471595193	1000.000	3000.000	Procnias_averano-XC24178.wav	2	0.8636
2	Waveform 1	1	0.975226757	1.079716553	1000.000	3000.000	Procnias_averano-XC24178.wav	2	0.7778
2	Spectrogram 1	1	0.975226757	1.079716553	1000.000	3000.000	Procnias_averano-XC24178.wav	2	0.7778
3	Waveform 1	1	1.300306122	1.428015873	1000.000	3000.000	Procnias_averano-XC24178.wav	2	0.9545
3	Spectrogram 1	1	1.300306122	1.428015873	1000.000	3000.000	Procnias_averano-XC24178.wav	2	0.9545
4	Waveform 1	1	1.636995465	1.724070295	1000.000	3000.000	Procnias_averano-XC24178.wav	2	0.9333
4	Spectrogram 1	1	1.636995465	1.724070295	1000.000	3000.000	Procnias_averano-XC24178.wav	2	0.9333
9	Waveform 1	1	1.973684807	2.101394558	1000.000	3000.000	Procnias_averano-XC24178.wav	2	0.9091
9	Spectrogram 1	1	1.973684807	2.101394558	1000.000	3000.000	Procnias_averano-XC24178.wav	2	0.9091
10	Waveform 1	1	2.316179138	2.443888889	1000.000	3000.000	Procnias_averano-XC24178.wav	2	0.7273
10	Spectrogram 1	1	2.316179138	2.443888889	1000.000	3000.000	Procnias_averano-XC24178.wav	2	0.7273
11	Waveform 1	1	2.652868481	2.757358277	1000.000	3000.000	Procnias_averano-XC24178.wav	2	0.9444
11	Spectrogram 1	1	2.652868481	2.757358277	1000.000	3000.000	Procnias_averano-XC24178.wav	2	0.9444
12	Waveform 1	1	3.006972789	3.088242630	1000.000	3000.000	Procnias_averano-XC24178.wav	2	1.0000
12	Spectrogram 1	1	3.006972789	3.088242630	1000.000	3000.000	Procnias_averano-XC24178.wav	2	1.0000
13	Waveform 1	1	3.349467120	3.453956916	1000.000	3000.000	Procnias_averano-XC24178.wav	2	0.8333
13	Spectrogram 1	1	3.349467120	3.453956916	1000.000	3000.000	Procnias_averano-XC24178.wav	2	0.8333
14	Waveform 1	1	3.703571429	3.808061224	1000.000	3000.000	Procnias_averano-XC24178.wav	2	0.8333
14	Spectrogram 1	1	3.703571429	3.808061224	1000.000	3000.000	Procnias_averano-XC24178.wav	2	0.8333
21	Waveform 1	1	4.069285714	4.179580499	1000.000	3000.000	Procnias_averano-XC24178.wav	2	0.9474
21	Spectrogram 1	1	4.069285714	4.179580499	1000.000	3000.000	Procnias_averano-XC24178.wav	2	0.9474
22	Waveform 1	1	4.423390023	4.539489796	1000.000	3000.000	Procnias_averano-XC24178.wav	2	0.8500
22	Spectrogram 1	1	4.423390023	4.539489796	1000.000	3000.000	Procnias_averano-XC24178.wav	2	0.8500
23	Waveform 1	1	4.794909297	4.911009070	1000.000	3000.000	Procnias_averano-XC24178.wav	2	0.8000
23	Spectrogram 1	1	4.794909297	4.911009070	1000.000	3000.000	Procnias_averano-XC24178.wav	2	0.8000
24	Waveform 1	1	5.160623583	5.288333333	1000.000	3000.000	Procnias_averano-XC24178.wav	2	0.8182
24	Spectrogram 1	1	5.160623583	5.288333333	1000.000	3000.000	Procnias_averano-XC24178.wav	2	0.8182
25	Waveform 1	1	5.520532880	5.607607710	1000.000	3000.000	Procnias_averano-XC24178.wav	2	1.0000
25	Spectrogram 1	1	5.520532880	5.607607710	1000.000	3000.000	Procnias_averano-XC24178.wav	2	1.0000
31	Waveform 1	1	5.880442177	5.961712018	1000.000	3000.000	Procnias_averano-XC24178.wav	2	1.0000
31	Spectrogram 1	1	5.880442177	5.961712018	1000.000	3000.000	Procnias_averano-XC24178.wav	2	1.0000
32	Waveform 1	1	6.251961451	6.780215420	1000.000	3000.000	Procnias_averano-XC24178.wav	2	0.7143
32	Spectrogram 1	1	6.251961451	6.780215420	1000.000	3000.000	Procnias_averano-XC24178.wav	2	0.7143
