Selection	View	Channel	Begin Time (s)	End Time (s)	Low Freq (Hz)	High Freq (Hz)	Begin File	Tipo
1	Waveform 1	1	0.541038301	0.710520179	892.197	3377.601	Procnias_averano-ML646443007.wav	2
1	Spectrogram 1	1	0.541038301	0.710520179	892.197	3377.601	Procnias_averano-ML646443007.wav	2
2	Waveform 1	1	1.440595958	1.584003701	955.925	3441.329	Procnias_averano-ML646443007.wav	2
2	Spectrogram 1	1	1.440595958	1.584003701	955.925	3441.329	Procnias_averano-ML646443007.wav	2
3	Waveform 1	1	2.288005345	2.454227956	892.197	3377.601	Procnias_averano-ML646443007.wav	2
3	Spectrogram 1	1	2.288005345	2.454227956	892.197	3377.601	Procnias_averano-ML646443007.wav	2
4	Waveform 1	1	3.095307317	3.225677992	892.197	3186.416	Procnias_averano-ML646443007.wav	2
4	Spectrogram 1	1	3.095307317	3.225677992	892.197	3186.416	Procnias_averano-ML646443007.wav	2
5	Waveform 1	1	3.893827701	4.027457643	892.197	3186.416	Procnias_averano-ML646443007.wav	2
5	Spectrogram 1	1	3.893827701	4.027457643	892.197	3186.416	Procnias_averano-ML646443007.wav	2
6	Waveform 1	1	4.607607147	4.751014889	955.925	3377.601	Procnias_averano-ML646443007.wav	2
6	Spectrogram 1	1	4.607607147	4.751014889	955.925	3377.601	Procnias_averano-ML646443007.wav	2
7	Waveform 1	1	5.317593398	5.480556741	828.468	3250.145	Procnias_averano-ML646443007.wav	2
7	Spectrogram 1	1	5.317593398	5.480556741	828.468	3250.145	Procnias_averano-ML646443007.wav	2
8	Waveform 1	1	5.998780174	6.132410116	764.740	3250.145	Procnias_averano-ML646443007.wav	2
8	Spectrogram 1	1	5.998780174	6.132410116	764.740	3250.145	Procnias_averano-ML646443007.wav	2
9	Waveform 1	1	6.670189150	6.810337626	892.197	3313.873	Procnias_averano-ML646443007.wav	2
9	Spectrogram 1	1	6.670189150	6.810337626	892.197	3313.873	Procnias_averano-ML646443007.wav	2
10	Waveform 1	1	7.338338859	7.462191001	828.468	3058.960	Procnias_averano-ML646443007.wav	2
10	Spectrogram 1	1	7.338338859	7.462191001	828.468	3058.960	Procnias_averano-ML646443007.wav	2
11	Waveform 1	1	7.986399206	8.136325482	828.468	3441.329	Procnias_averano-ML646443007.wav	2
11	Spectrogram 1	1	7.986399206	8.136325482	828.468	3441.329	Procnias_averano-ML646443007.wav	2
12	Waveform 1	1	9.296624489	9.417217364	892.197	3441.329	Procnias_averano-ML646443007.wav	2
12	Spectrogram 1	1	9.296624489	9.417217364	892.197	3441.329	Procnias_averano-ML646443007.wav	2
13	Waveform 1	1	9.935440797	10.056033671	955.925	3313.873	Procnias_averano-ML646443007.wav	2
13	Spectrogram 1	1	9.935440797	10.056033671	955.925	3313.873	Procnias_averano-ML646443007.wav	2
14	Waveform 1	1	11.222317118	11.342909992	764.740	3313.873	Procnias_averano-ML646443007.wav	2
14	Spectrogram 1	1	11.222317118	11.342909992	764.740	3313.873	Procnias_averano-ML646443007.wav	2
15	Waveform 1	1	11.838318557	11.994763367	955.925	3377.601	Procnias_averano-ML646443007.wav	2
15	Spectrogram 1	1	11.838318557	11.994763367	955.925	3377.601	Procnias_averano-ML646443007.wav	2
16	Waveform 1	1	12.473875597	12.587949938	892.197	3122.688	Procnias_averano-ML646443007.wav	2
16	Spectrogram 1	1	12.473875597	12.587949938	892.197	3122.688	Procnias_averano-ML646443007.wav	2
17	Waveform 1	1	14.309379218	14.475601828	1083.382	3441.329	Procnias_averano-ML646443007.wav	2
17	Spectrogram 1	1	14.309379218	14.475601828	1083.382	3441.329	Procnias_averano-ML646443007.wav	2
18	Waveform 1	1	14.912343590	15.055751332	1083.382	3313.873	Procnias_averano-ML646443007.wav	2
18	Spectrogram 1	1	14.912343590	15.055751332	1083.382	3313.873	Procnias_averano-ML646443007.wav	2
19	Waveform 1	1	15.499011627	15.648937903	955.925	3377.601	Procnias_averano-ML646443007.wav	2
19	Spectrogram 1	1	15.499011627	15.648937903	955.925	3377.601	Procnias_averano-ML646443007.wav	2
20	Waveform 1	1	18.441255193	18.574885135	892.197	3186.416	Procnias_averano-ML646443007.wav	2
20	Spectrogram 1	1	18.441255193	18.574885135	892.197	3186.416	Procnias_averano-ML646443007.wav	2
21	Waveform 1	1	19.024663963	19.112664169	892.197	3250.145	Procnias_averano-ML646443007.wav	2
21	Spectrogram 1	1	19.024663963	19.112664169	892.197	3250.145	Procnias_averano-ML646443007.wav	2
22	Waveform 1	1	19.591776399	19.712369274	892.197	3313.873	Procnias_averano-ML646443007.wav	2
22	Spectrogram 1	1	19.591776399	19.712369274	892.197	3313.873	Procnias_averano-ML646443007.wav	2
23	Waveform 1	1	21.868060389	21.991912530	1083.382	3122.688	Procnias_averano-ML646443007.wav	2
23	Spectrogram 1	1	21.868060389	21.991912530	1083.382	3122.688	Procnias_averano-ML646443007.wav	2
24	Waveform 1	1	22.467765494	22.575321301	828.468	3377.601	Procnias_averano-ML646443007.wav	2
24	Spectrogram 1	1	22.467765494	22.575321301	828.468	3377.601	Procnias_averano-ML646443007.wav	2
25	Waveform 1	1	23.015322329	23.152211538	955.925	3313.873	Procnias_averano-ML646443007.wav	2
25	Spectrogram 1	1	23.015322329	23.152211538	955.925	3313.873	Procnias_averano-ML646443007.wav	2
26	Waveform 1	1	25.867230993	26.020416536	955.925	3313.873	Procnias_averano-ML646443007.wav	2
26	Spectrogram 1	1	25.867230993	26.020416536	955.925	3313.873	Procnias_averano-ML646443007.wav	2
27	Waveform 1	1	26.437602696	26.561454837	892.197	3505.058	Procnias_averano-ML646443007.wav	2
27	Spectrogram 1	1	26.437602696	26.561454837	892.197	3505.058	Procnias_averano-ML646443007.wav	2
28	Waveform 1	1	27.014492932	27.170937742	955.925	3313.873	Procnias_averano-ML646443007.wav	2
28	Spectrogram 1	1	27.014492932	27.170937742	955.925	3313.873	Procnias_averano-ML646443007.wav	2
