Selection	View	Channel	Begin Time (s)	End Time (s)	Low Freq (Hz)	High Freq (Hz)	Begin File	Tipo	Occupancy
1	Waveform 1	1	2.559988662	2.662280221	1000.000	4725.000	Procnias_averano-XC542023.wav	1	0.9231
1	Spectrogram 1	1	2.559988662	2.662280221	1000.000	4725.000	Procnias_averano-XC542023.wav	1	0.9231
5	Waveform 1	1	25.234274376	25.341252293	1000.000	4856.250	Procnias_averano-XC542023.wav	1	0.8852
5	Spectrogram 1	1	25.234274376	25.341252293	1000.000	4856.250	Procnias_averano-XC542023.wav	1	0.8852
8	Waveform 1	1	38.423208617	38.527997584	1000.000	5381.250	Procnias_averano-XC542023.wav	1	0.8448
8	Spectrogram 1	1	38.423208617	38.527997584	1000.000	5381.250	Procnias_averano-XC542023.wav	1	0.8448
9	Waveform 1	1	49.052142857	49.166806253	1000.000	4856.250	Procnias_averano-XC542023.wav	1	0.7895
9	Spectrogram 1	1	49.052142857	49.166806253	1000.000	4856.250	Procnias_averano-XC542023.wav	1	0.7895
10	Waveform 1	1	56.941122449	57.036895475	1000.000	4725.000	Procnias_averano-XC542023.wav	1	0.8308
10	Spectrogram 1	1	56.941122449	57.036895475	1000.000	4725.000	Procnias_averano-XC542023.wav	1	0.8308
12	Waveform 1	1	59.576587302	59.685556942	1000.000	4987.500	Procnias_averano-XC542023.wav	1	0.7010
12	Spectrogram 1	1	59.576587302	59.685556942	1000.000	4987.500	Procnias_averano-XC542023.wav	1	0.7010
13	Waveform 1	1	61.984009388	62.140454198	1000.000	5250.000	Procnias_averano-XC542023.wav	1	0.7237
13	Spectrogram 1	1	61.984009388	62.140454198	1000.000	5250.000	Procnias_averano-XC542023.wav	1	0.7237
14	Waveform 1	1	65.044886621	65.159550017	1000.000	4987.500	Procnias_averano-XC542023.wav	1	0.8026
14	Spectrogram 1	1	65.044886621	65.159550017	1000.000	4987.500	Procnias_averano-XC542023.wav	1	0.8026
15	Waveform 1	1	66.948922902	67.073624243	1000.000	4856.250	Procnias_averano-XC542023.wav	1	0.8246
15	Spectrogram 1	1	66.948922902	67.073624243	1000.000	4856.250	Procnias_averano-XC542023.wav	1	0.8246
16	Waveform 1	1	69.009693878	69.102661037	1000.000	4725.000	Procnias_averano-XC542023.wav	1	0.7927
16	Spectrogram 1	1	69.009693878	69.102661037	1000.000	4725.000	Procnias_averano-XC542023.wav	1	0.7927
23	Waveform 1	1	76.236904762	76.323777583	1000.000	4462.500	Procnias_averano-XC542023.wav	1	0.7632
23	Spectrogram 1	1	76.236904762	76.323777583	1000.000	4462.500	Procnias_averano-XC542023.wav	1	0.7632
24	Waveform 1	1	78.611145125	78.732587199	1000.000	4593.750	Procnias_averano-XC542023.wav	1	0.9649
24	Spectrogram 1	1	78.611145125	78.732587199	1000.000	4593.750	Procnias_averano-XC542023.wav	1	0.9649
138	Waveform 1	1	155.399535147	155.492859079	1000.000	4725.000	Procnias_averano-XC542023.wav	1	0.8025
138	Spectrogram 1	1	155.399535147	155.492859079	1000.000	4725.000	Procnias_averano-XC542023.wav	1	0.8025
139	Waveform 1	1	160.699489796	160.834017251	1000.000	4331.250	Procnias_averano-XC542023.wav	1	0.9242
139	Spectrogram 1	1	160.699489796	160.834017251	1000.000	4331.250	Procnias_averano-XC542023.wav	1	0.9242
175	Waveform 1	1	179.937222222	180.041345958	1000.000	4856.250	Procnias_averano-XC542023.wav	1	0.9130
175	Spectrogram 1	1	179.937222222	180.041345958	1000.000	4856.250	Procnias_averano-XC542023.wav	1	0.9130
176	Waveform 1	1	193.468650794	193.565185678	1000.000	5250.000	Procnias_averano-XC542023.wav	1	0.7083
176	Spectrogram 1	1	193.468650794	193.565185678	1000.000	5250.000	Procnias_averano-XC542023.wav	1	0.7083
186	Waveform 1	1	12.825505710	13.072591005	525.000	2625.000	Procnias_averano-XC542023.wav	1	
186	Spectrogram 1	1	12.825505710	13.072591005	525.000	2625.000	Procnias_averano-XC542023.wav	1	
189	Waveform 1	1	72.659083648	72.756861654	787.500	5118.750	Procnias_averano-XC542023.wav	1	
189	Spectrogram 1	1	72.659083648	72.756861654	787.500	5118.750	Procnias_averano-XC542023.wav	1	
190	Waveform 1	1	150.943862619	151.028603558	787.500	4593.750	Procnias_averano-XC542023.wav	1	
190	Spectrogram 1	1	150.943862619	151.028603558	787.500	4593.750	Procnias_averano-XC542023.wav	1	
17	Waveform 1	1	70.106836735	70.199716553	1000.000	2600.000	Procnias_averano-XC542023.wav	2	0.9375
17	Spectrogram 1	1	70.106836735	70.199716553	1000.000	2600.000	Procnias_averano-XC542023.wav	2	0.9375
18	Waveform 1	1	70.559625850	70.652505669	1000.000	2600.000	Procnias_averano-XC542023.wav	2	0.9375
18	Spectrogram 1	1	70.559625850	70.652505669	1000.000	2600.000	Procnias_averano-XC542023.wav	2	0.9375
19	Waveform 1	1	70.989195011	71.111099773	1000.000	2600.000	Procnias_averano-XC542023.wav	2	0.7143
19	Spectrogram 1	1	70.989195011	71.111099773	1000.000	2600.000	Procnias_averano-XC542023.wav	2	0.7143
20	Waveform 1	1	73.595634921	73.676904762	1000.000	2600.000	Procnias_averano-XC542023.wav	2	0.7857
20	Spectrogram 1	1	73.595634921	73.676904762	1000.000	2600.000	Procnias_averano-XC542023.wav	2	0.7857
21	Waveform 1	1	74.054229025	74.181938776	1000.000	2600.000	Procnias_averano-XC542023.wav	2	0.8182
21	Spectrogram 1	1	74.054229025	74.181938776	1000.000	2600.000	Procnias_averano-XC542023.wav	2	0.8182
22	Waveform 1	1	75.023662132	75.180396825	1000.000	2600.000	Procnias_averano-XC542023.wav	2	0.7037
22	Spectrogram 1	1	75.023662132	75.180396825	1000.000	2600.000	Procnias_averano-XC542023.wav	2	0.7037
25	Waveform 1	1	80.172687075	80.259761905	1000.000	2600.000	Procnias_averano-XC542023.wav	2	0.8000
25	Spectrogram 1	1	80.172687075	80.259761905	1000.000	2600.000	Procnias_averano-XC542023.wav	2	0.8000
26	Waveform 1	1	80.561621315	80.666111111	1000.000	2600.000	Procnias_averano-XC542023.wav	2	0.8889
26	Spectrogram 1	1	80.561621315	80.666111111	1000.000	2600.000	Procnias_averano-XC542023.wav	2	0.8889
27	Waveform 1	1	80.985385488	81.113095238	1000.000	2600.000	Procnias_averano-XC542023.wav	2	0.8636
27	Spectrogram 1	1	80.985385488	81.113095238	1000.000	2600.000	Procnias_averano-XC542023.wav	2	0.8636
28	Waveform 1	1	81.414954649	81.531054422	1000.000	2600.000	Procnias_averano-XC542023.wav	2	0.7000
28	Spectrogram 1	1	81.414954649	81.531054422	1000.000	2600.000	Procnias_averano-XC542023.wav	2	0.7000
29	Waveform 1	1	81.821303855	81.943208617	1000.000	2600.000	Procnias_averano-XC542023.wav	2	0.7143
29	Spectrogram 1	1	81.821303855	81.943208617	1000.000	2600.000	Procnias_averano-XC542023.wav	2	0.7143
30	Waveform 1	1	82.982301587	83.278356009	1000.000	2600.000	Procnias_averano-XC542023.wav	2	0.9412
30	Spectrogram 1	1	82.982301587	83.278356009	1000.000	2600.000	Procnias_averano-XC542023.wav	2	0.9412
31	Waveform 1	1	83.458310658	83.667290249	1000.000	2600.000	Procnias_averano-XC542023.wav	2	1.0000
31	Spectrogram 1	1	83.458310658	83.667290249	1000.000	2600.000	Procnias_averano-XC542023.wav	2	1.0000
32	Waveform 1	1	83.882074830	84.067834467	1000.000	2600.000	Procnias_averano-XC542023.wav	2	0.9688
32	Spectrogram 1	1	83.882074830	84.067834467	1000.000	2600.000	Procnias_averano-XC542023.wav	2	0.9688
33	Waveform 1	1	84.311643991	84.543843537	1000.000	2600.000	Procnias_averano-XC542023.wav	2	0.7750
33	Spectrogram 1	1	84.311643991	84.543843537	1000.000	2600.000	Procnias_averano-XC542023.wav	2	0.7750
34	Waveform 1	1	85.205612245	85.356541950	1000.000	2600.000	Procnias_averano-XC542023.wav	2	0.7308
34	Spectrogram 1	1	85.205612245	85.356541950	1000.000	2600.000	Procnias_averano-XC542023.wav	2	0.7308
35	Waveform 1	1	86.053140590	86.215680272	1000.000	2600.000	Procnias_averano-XC542023.wav	2	0.9286
35	Spectrogram 1	1	86.053140590	86.215680272	1000.000	2600.000	Procnias_averano-XC542023.wav	2	0.9286
36	Waveform 1	1	86.476904762	86.738129252	1000.000	2600.000	Procnias_averano-XC542023.wav	2	0.8000
36	Spectrogram 1	1	86.476904762	86.738129252	1000.000	2600.000	Procnias_averano-XC542023.wav	2	0.8000
37	Waveform 1	1	87.016768707	87.254773243	1000.000	2600.000	Procnias_averano-XC542023.wav	2	0.8537
37	Spectrogram 1	1	87.016768707	87.254773243	1000.000	2600.000	Procnias_averano-XC542023.wav	2	0.8537
38	Waveform 1	1	87.463752834	87.783027211	1000.000	2600.000	Procnias_averano-XC542023.wav	2	0.7636
38	Spectrogram 1	1	87.463752834	87.783027211	1000.000	2600.000	Procnias_averano-XC542023.wav	2	0.7636
39	Waveform 1	1	87.904931973	88.061666667	1000.000	2600.000	Procnias_averano-XC542023.wav	2	0.8889
39	Spectrogram 1	1	87.904931973	88.061666667	1000.000	2600.000	Procnias_averano-XC542023.wav	2	0.8889
40	Waveform 1	1	88.694410431	88.926609977	1000.000	2600.000	Procnias_averano-XC542023.wav	2	0.7750
40	Spectrogram 1	1	88.694410431	88.926609977	1000.000	2600.000	Procnias_averano-XC542023.wav	2	0.7750
41	Waveform 1	1	89.240079365	89.396814059	1000.000	2600.000	Procnias_averano-XC542023.wav	2	0.8889
41	Spectrogram 1	1	89.240079365	89.396814059	1000.000	2600.000	Procnias_averano-XC542023.wav	2	0.8889
42	Waveform 1	1	89.692868481	89.826383220	1000.000	2600.000	Procnias_averano-XC542023.wav	2	0.8696
42	Spectrogram 1	1	89.692868481	89.826383220	1000.000	2600.000	Procnias_averano-XC542023.wav	2	0.8696
43	Waveform 1	1	90.128242630	90.296587302	1000.000	2600.000	Procnias_averano-XC542023.wav	2	0.8621
43	Spectrogram 1	1	90.128242630	90.296587302	1000.000	2600.000	Procnias_averano-XC542023.wav	2	0.8621
44	Waveform 1	1	90.569421769	90.737766440	1000.000	2600.000	Procnias_averano-XC542023.wav	2	0.9310
44	Spectrogram 1	1	90.569421769	90.737766440	1000.000	2600.000	Procnias_averano-XC542023.wav	2	0.9310
45	Waveform 1	1	91.004795918	91.173140590	1000.000	2600.000	Procnias_averano-XC542023.wav	2	1.0000
45	Spectrogram 1	1	91.004795918	91.173140590	1000.000	2600.000	Procnias_averano-XC542023.wav	2	1.0000
46	Waveform 1	1	91.445975057	91.649149660	1000.000	2600.000	Procnias_averano-XC542023.wav	2	0.8571
46	Spectrogram 1	1	91.445975057	91.649149660	1000.000	2600.000	Procnias_averano-XC542023.wav	2	0.8571
47	Waveform 1	1	91.887154195	92.119353741	1000.000	2600.000	Procnias_averano-XC542023.wav	2	0.8000
47	Spectrogram 1	1	91.887154195	92.119353741	1000.000	2600.000	Procnias_averano-XC542023.wav	2	0.8000
48	Waveform 1	1	96.687879819	96.920079365	1000.000	2600.000	Procnias_averano-XC542023.wav	2	0.8250
48	Spectrogram 1	1	96.687879819	96.920079365	1000.000	2600.000	Procnias_averano-XC542023.wav	2	0.8250
50	Waveform 1	1	98.377131519	98.481621315	1000.000	2600.000	Procnias_averano-XC542023.wav	2	0.9444
50	Spectrogram 1	1	98.377131519	98.481621315	1000.000	2600.000	Procnias_averano-XC542023.wav	2	0.9444
51	Waveform 1	1	98.626746032	98.667380952	1000.000	2600.000	Procnias_averano-XC542023.wav	2	0.7143
51	Spectrogram 1	1	98.626746032	98.667380952	1000.000	2600.000	Procnias_averano-XC542023.wav	2	0.7143
52	Waveform 1	1	98.806700680	98.916995465	1000.000	2600.000	Procnias_averano-XC542023.wav	2	0.7368
52	Spectrogram 1	1	98.806700680	98.916995465	1000.000	2600.000	Procnias_averano-XC542023.wav	2	0.7368
53	Waveform 1	1	99.073730159	99.114365079	1000.000	2600.000	Procnias_averano-XC542023.wav	2	0.7143
53	Spectrogram 1	1	99.073730159	99.114365079	1000.000	2600.000	Procnias_averano-XC542023.wav	2	0.7143
54	Waveform 1	1	99.242074830	99.334954649	1000.000	2600.000	Procnias_averano-XC542023.wav	2	0.7500
54	Spectrogram 1	1	99.242074830	99.334954649	1000.000	2600.000	Procnias_averano-XC542023.wav	2	0.7500
55	Waveform 1	1	99.665839002	99.752913832	1000.000	2600.000	Procnias_averano-XC542023.wav	2	0.8667
55	Spectrogram 1	1	99.665839002	99.752913832	1000.000	2600.000	Procnias_averano-XC542023.wav	2	0.8667
56	Waveform 1	1	99.927063492	99.979308390	1000.000	2600.000	Procnias_averano-XC542023.wav	2	1.0000
56	Spectrogram 1	1	99.927063492	99.979308390	1000.000	2600.000	Procnias_averano-XC542023.wav	2	1.0000
57	Waveform 1	1	100.095408163	100.211507937	1000.000	2600.000	Procnias_averano-XC542023.wav	2	0.7500
57	Spectrogram 1	1	100.095408163	100.211507937	1000.000	2600.000	Procnias_averano-XC542023.wav	2	0.7500
58	Waveform 1	1	100.861666667	101.076451247	1000.000	2600.000	Procnias_averano-XC542023.wav	2	0.7568
58	Spectrogram 1	1	100.861666667	101.076451247	1000.000	2600.000	Procnias_averano-XC542023.wav	2	0.7568
59	Waveform 1	1	101.320260771	101.500215420	1000.000	2600.000	Procnias_averano-XC542023.wav	2	0.7097
59	Spectrogram 1	1	101.320260771	101.500215420	1000.000	2600.000	Procnias_averano-XC542023.wav	2	0.7097
60	Waveform 1	1	101.767244898	101.935589569	1000.000	2600.000	Procnias_averano-XC542023.wav	2	0.9310
60	Spectrogram 1	1	101.767244898	101.935589569	1000.000	2600.000	Procnias_averano-XC542023.wav	2	0.9310
61	Waveform 1	1	102.225839002	102.417403628	1000.000	2600.000	Procnias_averano-XC542023.wav	2	0.9091
61	Spectrogram 1	1	102.225839002	102.417403628	1000.000	2600.000	Procnias_averano-XC542023.wav	2	0.9091
62	Waveform 1	1	102.655408163	102.852777778	1000.000	2600.000	Procnias_averano-XC542023.wav	2	0.7941
62	Spectrogram 1	1	102.655408163	102.852777778	1000.000	2600.000	Procnias_averano-XC542023.wav	2	0.7941
63	Waveform 1	1	103.073367347	103.282346939	1000.000	2600.000	Procnias_averano-XC542023.wav	2	0.8889
63	Spectrogram 1	1	103.073367347	103.282346939	1000.000	2600.000	Procnias_averano-XC542023.wav	2	0.8889
64	Waveform 1	1	103.502936508	103.717721088	1000.000	2600.000	Procnias_averano-XC542023.wav	2	0.8919
64	Spectrogram 1	1	103.502936508	103.717721088	1000.000	2600.000	Procnias_averano-XC542023.wav	2	0.8919
65	Waveform 1	1	103.926700680	104.095045351	1000.000	2600.000	Procnias_averano-XC542023.wav	2	0.8966
65	Spectrogram 1	1	103.926700680	104.095045351	1000.000	2600.000	Procnias_averano-XC542023.wav	2	0.8966
66	Waveform 1	1	104.350464853	104.542029478	1000.000	2600.000	Procnias_averano-XC542023.wav	2	0.8182
66	Spectrogram 1	1	104.350464853	104.542029478	1000.000	2600.000	Procnias_averano-XC542023.wav	2	0.8182
67	Waveform 1	1	104.768424036	105.006428571	1000.000	2600.000	Procnias_averano-XC542023.wav	2	0.7805
67	Spectrogram 1	1	104.768424036	105.006428571	1000.000	2600.000	Procnias_averano-XC542023.wav	2	0.7805
68	Waveform 1	1	105.615952381	105.853956916	1000.000	2600.000	Procnias_averano-XC542023.wav	2	0.7561
68	Spectrogram 1	1	105.615952381	105.853956916	1000.000	2600.000	Procnias_averano-XC542023.wav	2	0.7561
69	Waveform 1	1	106.045521542	106.155816327	1000.000	2600.000	Procnias_averano-XC542023.wav	2	0.8947
69	Spectrogram 1	1	106.045521542	106.155816327	1000.000	2600.000	Procnias_averano-XC542023.wav	2	0.8947
70	Waveform 1	1	106.480895692	106.573775510	1000.000	2600.000	Procnias_averano-XC542023.wav	2	0.8750
70	Spectrogram 1	1	106.480895692	106.573775510	1000.000	2600.000	Procnias_averano-XC542023.wav	2	0.8750
71	Waveform 1	1	106.747925170	106.794365079	1000.000	2600.000	Procnias_averano-XC542023.wav	2	0.7500
71	Spectrogram 1	1	106.747925170	106.794365079	1000.000	2600.000	Procnias_averano-XC542023.wav	2	0.7500
72	Waveform 1	1	106.910464853	107.009149660	1000.000	2600.000	Procnias_averano-XC542023.wav	2	0.9412
72	Spectrogram 1	1	106.910464853	107.009149660	1000.000	2600.000	Procnias_averano-XC542023.wav	2	0.9412
73	Waveform 1	1	107.746383220	107.908922902	1000.000	2600.000	Procnias_averano-XC542023.wav	2	0.7143
73	Spectrogram 1	1	107.746383220	107.908922902	1000.000	2600.000	Procnias_averano-XC542023.wav	2	0.7143
74	Waveform 1	1	108.164342404	108.286247166	1000.000	2600.000	Procnias_averano-XC542023.wav	2	0.9524
74	Spectrogram 1	1	108.164342404	108.286247166	1000.000	2600.000	Procnias_averano-XC542023.wav	2	0.9524
75	Waveform 1	1	108.599716553	108.762256236	1000.000	2600.000	Procnias_averano-XC542023.wav	2	0.8214
75	Spectrogram 1	1	108.599716553	108.762256236	1000.000	2600.000	Procnias_averano-XC542023.wav	2	0.8214
76	Waveform 1	1	109.035090703	109.197630385	1000.000	2600.000	Procnias_averano-XC542023.wav	2	0.8214
76	Spectrogram 1	1	109.035090703	109.197630385	1000.000	2600.000	Procnias_averano-XC542023.wav	2	0.8214
77	Waveform 1	1	109.470464853	109.592369615	1000.000	2600.000	Procnias_averano-XC542023.wav	2	1.0000
77	Spectrogram 1	1	109.470464853	109.592369615	1000.000	2600.000	Procnias_averano-XC542023.wav	2	1.0000
78	Waveform 1	1	109.888424036	110.062573696	1000.000	2600.000	Procnias_averano-XC542023.wav	2	0.8333
78	Spectrogram 1	1	109.888424036	110.062573696	1000.000	2600.000	Procnias_averano-XC542023.wav	2	0.8333
79	Waveform 1	1	110.294773243	110.486337868	1000.000	2600.000	Procnias_averano-XC542023.wav	2	0.9091
79	Spectrogram 1	1	110.294773243	110.486337868	1000.000	2600.000	Procnias_averano-XC542023.wav	2	0.9091
80	Waveform 1	1	110.718537415	110.921712018	1000.000	2600.000	Procnias_averano-XC542023.wav	2	0.7714
80	Spectrogram 1	1	110.718537415	110.921712018	1000.000	2600.000	Procnias_averano-XC542023.wav	2	0.7714
81	Waveform 1	1	111.142301587	111.333866213	1000.000	2600.000	Procnias_averano-XC542023.wav	2	0.8485
81	Spectrogram 1	1	111.142301587	111.333866213	1000.000	2600.000	Procnias_averano-XC542023.wav	2	0.8485
82	Waveform 1	1	111.577675737	111.751825397	1000.000	2600.000	Procnias_averano-XC542023.wav	2	0.8000
82	Spectrogram 1	1	111.577675737	111.751825397	1000.000	2600.000	Procnias_averano-XC542023.wav	2	0.8000
83	Waveform 1	1	112.018854875	112.268469388	1000.000	2600.000	Procnias_averano-XC542023.wav	2	0.8605
83	Spectrogram 1	1	112.018854875	112.268469388	1000.000	2600.000	Procnias_averano-XC542023.wav	2	0.8605
84	Waveform 1	1	112.442619048	112.674818594	1000.000	2600.000	Procnias_averano-XC542023.wav	2	0.8000
84	Spectrogram 1	1	112.442619048	112.674818594	1000.000	2600.000	Procnias_averano-XC542023.wav	2	0.8000
85	Waveform 1	1	116.314546485	116.384206349	1000.000	2600.000	Procnias_averano-XC542023.wav	2	0.8333
85	Spectrogram 1	1	116.314546485	116.384206349	1000.000	2600.000	Procnias_averano-XC542023.wav	2	0.8333
86	Waveform 1	1	116.732505669	116.842800454	1000.000	2600.000	Procnias_averano-XC542023.wav	2	0.8947
86	Spectrogram 1	1	116.732505669	116.842800454	1000.000	2600.000	Procnias_averano-XC542023.wav	2	0.8947
87	Waveform 1	1	117.591643991	117.719353741	1000.000	2600.000	Procnias_averano-XC542023.wav	2	0.7727
87	Spectrogram 1	1	117.591643991	117.719353741	1000.000	2600.000	Procnias_averano-XC542023.wav	2	0.7727
88	Waveform 1	1	118.456587302	118.526247166	1000.000	2600.000	Procnias_averano-XC542023.wav	2	1.0000
88	Spectrogram 1	1	118.456587302	118.526247166	1000.000	2600.000	Procnias_averano-XC542023.wav	2	1.0000
89	Waveform 1	1	118.886156463	118.955816327	1000.000	2600.000	Procnias_averano-XC542023.wav	2	0.9167
89	Spectrogram 1	1	118.886156463	118.955816327	1000.000	2600.000	Procnias_averano-XC542023.wav	2	0.9167
90	Waveform 1	1	120.598628118	120.685702948	1000.000	2600.000	Procnias_averano-XC542023.wav	2	0.8667
90	Spectrogram 1	1	120.598628118	120.685702948	1000.000	2600.000	Procnias_averano-XC542023.wav	2	0.8667
92	Waveform 1	1	121.440351474	121.539036281	1000.000	2600.000	Procnias_averano-XC542023.wav	2	0.7647
92	Spectrogram 1	1	121.440351474	121.539036281	1000.000	2600.000	Procnias_averano-XC542023.wav	2	0.7647
93	Waveform 1	1	122.711643991	122.839353741	1000.000	2600.000	Procnias_averano-XC542023.wav	2	0.8182
93	Spectrogram 1	1	122.711643991	122.839353741	1000.000	2600.000	Procnias_averano-XC542023.wav	2	0.8182
94	Waveform 1	1	127.239535147	127.471734694	1000.000	2600.000	Procnias_averano-XC542023.wav	2	0.7750
94	Spectrogram 1	1	127.239535147	127.471734694	1000.000	2600.000	Procnias_averano-XC542023.wav	2	0.7750
95	Waveform 1	1	127.640079365	127.808424036	1000.000	2600.000	Procnias_averano-XC542023.wav	2	0.9655
95	Spectrogram 1	1	127.640079365	127.808424036	1000.000	2600.000	Procnias_averano-XC542023.wav	2	0.9655
96	Waveform 1	1	128.487607710	128.638537415	1000.000	2600.000	Procnias_averano-XC542023.wav	2	0.8462
96	Spectrogram 1	1	128.487607710	128.638537415	1000.000	2600.000	Procnias_averano-XC542023.wav	2	0.8462
97	Waveform 1	1	128.893956916	129.044886621	1000.000	2600.000	Procnias_averano-XC542023.wav	2	0.8846
97	Spectrogram 1	1	128.893956916	129.044886621	1000.000	2600.000	Procnias_averano-XC542023.wav	2	0.8846
98	Waveform 1	1	129.311916100	129.474455782	1000.000	2600.000	Procnias_averano-XC542023.wav	2	0.8929
98	Spectrogram 1	1	129.311916100	129.474455782	1000.000	2600.000	Procnias_averano-XC542023.wav	2	0.8929
99	Waveform 1	1	129.729875283	129.857585034	1000.000	2600.000	Procnias_averano-XC542023.wav	2	0.9091
99	Spectrogram 1	1	129.729875283	129.857585034	1000.000	2600.000	Procnias_averano-XC542023.wav	2	0.9091
100	Waveform 1	1	130.159444444	130.298764172	1000.000	2600.000	Procnias_averano-XC542023.wav	2	0.8750
100	Spectrogram 1	1	130.159444444	130.298764172	1000.000	2600.000	Procnias_averano-XC542023.wav	2	0.8750
101	Waveform 1	1	130.571598639	130.705113379	1000.000	2600.000	Procnias_averano-XC542023.wav	2	0.9130
101	Spectrogram 1	1	130.571598639	130.705113379	1000.000	2600.000	Procnias_averano-XC542023.wav	2	0.9130
102	Waveform 1	1	130.972142857	131.128877551	1000.000	2600.000	Procnias_averano-XC542023.wav	2	0.9630
102	Spectrogram 1	1	130.972142857	131.128877551	1000.000	2600.000	Procnias_averano-XC542023.wav	2	0.9630
103	Waveform 1	1	131.384297052	131.570056689	1000.000	2600.000	Procnias_averano-XC542023.wav	2	0.7812
103	Spectrogram 1	1	131.384297052	131.570056689	1000.000	2600.000	Procnias_averano-XC542023.wav	2	0.7812
104	Waveform 1	1	131.819671202	131.988015873	1000.000	2600.000	Procnias_averano-XC542023.wav	2	0.7586
104	Spectrogram 1	1	131.819671202	131.988015873	1000.000	2600.000	Procnias_averano-XC542023.wav	2	0.7586
105	Waveform 1	1	133.050328798	133.160623583	1000.000	2600.000	Procnias_averano-XC542023.wav	2	0.9474
105	Spectrogram 1	1	133.050328798	133.160623583	1000.000	2600.000	Procnias_averano-XC542023.wav	2	0.9474
106	Waveform 1	1	133.468287982	133.601802721	1000.000	2600.000	Procnias_averano-XC542023.wav	2	0.8261
106	Spectrogram 1	1	133.468287982	133.601802721	1000.000	2600.000	Procnias_averano-XC542023.wav	2	0.8261
107	Waveform 1	1	133.874637188	134.054591837	1000.000	2600.000	Procnias_averano-XC542023.wav	2	0.7742
107	Spectrogram 1	1	133.874637188	134.054591837	1000.000	2600.000	Procnias_averano-XC542023.wav	2	0.7742
108	Waveform 1	1	134.286791383	134.466746032	1000.000	2600.000	Procnias_averano-XC542023.wav	2	0.9355
108	Spectrogram 1	1	134.286791383	134.466746032	1000.000	2600.000	Procnias_averano-XC542023.wav	2	0.9355
109	Waveform 1	1	134.704750567	134.884705215	1000.000	2600.000	Procnias_averano-XC542023.wav	2	0.9355
109	Spectrogram 1	1	134.704750567	134.884705215	1000.000	2600.000	Procnias_averano-XC542023.wav	2	0.9355
110	Waveform 1	1	135.122709751	135.267834467	1000.000	2600.000	Procnias_averano-XC542023.wav	2	0.9600
110	Spectrogram 1	1	135.122709751	135.267834467	1000.000	2600.000	Procnias_averano-XC542023.wav	2	0.9600
111	Waveform 1	1	135.540668934	135.674183673	1000.000	2600.000	Procnias_averano-XC542023.wav	2	0.8696
111	Spectrogram 1	1	135.540668934	135.674183673	1000.000	2600.000	Procnias_averano-XC542023.wav	2	0.8696
112	Waveform 1	1	135.958628118	136.138582766	1000.000	2600.000	Procnias_averano-XC542023.wav	2	0.9032
112	Spectrogram 1	1	135.958628118	136.138582766	1000.000	2600.000	Procnias_averano-XC542023.wav	2	0.9032
113	Waveform 1	1	136.399807256	136.585566893	1000.000	2600.000	Procnias_averano-XC542023.wav	2	0.8750
113	Spectrogram 1	1	136.399807256	136.585566893	1000.000	2600.000	Procnias_averano-XC542023.wav	2	0.8750
114	Waveform 1	1	137.798809524	137.868469388	1000.000	2600.000	Procnias_averano-XC542023.wav	2	0.7500
114	Spectrogram 1	1	137.798809524	137.868469388	1000.000	2600.000	Procnias_averano-XC542023.wav	2	0.7500
115	Waveform 1	1	138.222573696	138.315453515	1000.000	2600.000	Procnias_averano-XC542023.wav	2	0.8125
115	Spectrogram 1	1	138.222573696	138.315453515	1000.000	2600.000	Procnias_averano-XC542023.wav	2	0.8125
116	Waveform 1	1	139.093321995	139.197811791	1000.000	2600.000	Procnias_averano-XC542023.wav	2	0.7222
116	Spectrogram 1	1	139.093321995	139.197811791	1000.000	2600.000	Procnias_averano-XC542023.wav	2	0.7222
117	Waveform 1	1	139.528696145	139.580941043	1000.000	2600.000	Procnias_averano-XC542023.wav	2	1.0000
117	Spectrogram 1	1	139.528696145	139.580941043	1000.000	2600.000	Procnias_averano-XC542023.wav	2	1.0000
118	Waveform 1	1	139.969875283	140.027925170	1000.000	2600.000	Procnias_averano-XC542023.wav	2	0.8000
118	Spectrogram 1	1	139.969875283	140.027925170	1000.000	2600.000	Procnias_averano-XC542023.wav	2	0.8000
119	Waveform 1	1	140.405249433	140.451689342	1000.000	2600.000	Procnias_averano-XC542023.wav	2	0.8750
119	Spectrogram 1	1	140.405249433	140.451689342	1000.000	2600.000	Procnias_averano-XC542023.wav	2	0.8750
120	Waveform 1	1	141.699761905	141.763616780	1000.000	2600.000	Procnias_averano-XC542023.wav	2	0.9091
120	Spectrogram 1	1	141.699761905	141.763616780	1000.000	2600.000	Procnias_averano-XC542023.wav	2	0.9091
121	Waveform 1	1	142.558900227	142.640170068	1000.000	2600.000	Procnias_averano-XC542023.wav	2	0.7857
121	Spectrogram 1	1	142.558900227	142.640170068	1000.000	2600.000	Procnias_averano-XC542023.wav	2	0.7857
122	Waveform 1	1	142.982664399	143.046519274	1000.000	2600.000	Procnias_averano-XC542023.wav	2	0.7273
122	Spectrogram 1	1	142.982664399	143.046519274	1000.000	2600.000	Procnias_averano-XC542023.wav	2	0.7273
123	Waveform 1	1	143.406428571	143.481893424	1000.000	2600.000	Procnias_averano-XC542023.wav	2	0.9231
123	Spectrogram 1	1	143.406428571	143.481893424	1000.000	2600.000	Procnias_averano-XC542023.wav	2	0.9231
124	Waveform 1	1	143.824387755	143.928877551	1000.000	2600.000	Procnias_averano-XC542023.wav	2	0.7778
124	Spectrogram 1	1	143.824387755	143.928877551	1000.000	2600.000	Procnias_averano-XC542023.wav	2	0.7778
125	Waveform 1	1	144.242346939	144.346836735	1000.000	2600.000	Procnias_averano-XC542023.wav	2	0.7778
125	Spectrogram 1	1	144.242346939	144.346836735	1000.000	2600.000	Procnias_averano-XC542023.wav	2	0.7778
126	Waveform 1	1	144.677721088	144.788015873	1000.000	2600.000	Procnias_averano-XC542023.wav	2	0.7895
126	Spectrogram 1	1	144.677721088	144.788015873	1000.000	2600.000	Procnias_averano-XC542023.wav	2	0.7895
127	Waveform 1	1	145.113095238	145.205975057	1000.000	2600.000	Procnias_averano-XC542023.wav	2	0.9375
127	Spectrogram 1	1	145.113095238	145.205975057	1000.000	2600.000	Procnias_averano-XC542023.wav	2	0.9375
128	Waveform 1	1	145.548469388	145.629739229	1000.000	2600.000	Procnias_averano-XC542023.wav	2	0.7857
128	Spectrogram 1	1	145.548469388	145.629739229	1000.000	2600.000	Procnias_averano-XC542023.wav	2	0.7857
129	Waveform 1	1	145.960623583	146.047698413	1000.000	2600.000	Procnias_averano-XC542023.wav	2	0.9333
129	Spectrogram 1	1	145.960623583	146.047698413	1000.000	2600.000	Procnias_averano-XC542023.wav	2	0.9333
130	Waveform 1	1	146.401802721	146.529512472	1000.000	2600.000	Procnias_averano-XC542023.wav	2	0.7273
130	Spectrogram 1	1	146.401802721	146.529512472	1000.000	2600.000	Procnias_averano-XC542023.wav	2	0.7273
131	Waveform 1	1	146.837176871	146.947471655	1000.000	2600.000	Procnias_averano-XC542023.wav	2	0.8421
131	Spectrogram 1	1	146.837176871	146.947471655	1000.000	2600.000	Procnias_averano-XC542023.wav	2	0.8421
132	Waveform 1	1	147.684705215	147.806609977	1000.000	2600.000	Procnias_averano-XC542023.wav	2	0.9048
132	Spectrogram 1	1	147.684705215	147.806609977	1000.000	2600.000	Procnias_averano-XC542023.wav	2	0.9048
133	Waveform 1	1	148.149104308	148.259399093	1000.000	2600.000	Procnias_averano-XC542023.wav	2	0.8421
133	Spectrogram 1	1	148.149104308	148.259399093	1000.000	2600.000	Procnias_averano-XC542023.wav	2	0.8421
134	Waveform 1	1	148.996632653	149.106927438	1000.000	2600.000	Procnias_averano-XC542023.wav	2	0.8421
134	Spectrogram 1	1	148.996632653	149.106927438	1000.000	2600.000	Procnias_averano-XC542023.wav	2	0.8421
135	Waveform 1	1	149.873185941	150.000895692	1000.000	2600.000	Procnias_averano-XC542023.wav	2	0.7273
135	Spectrogram 1	1	149.873185941	150.000895692	1000.000	2600.000	Procnias_averano-XC542023.wav	2	0.7273
136	Waveform 1	1	150.343390023	150.447879819	1000.000	2600.000	Procnias_averano-XC542023.wav	2	0.9444
136	Spectrogram 1	1	150.343390023	150.447879819	1000.000	2600.000	Procnias_averano-XC542023.wav	2	0.9444
137	Waveform 1	1	151.742392290	151.928151927	1000.000	2600.000	Procnias_averano-XC542023.wav	2	0.7188
137	Spectrogram 1	1	151.742392290	151.928151927	1000.000	2600.000	Procnias_averano-XC542023.wav	2	0.7188
141	Waveform 1	1	163.979308390	164.118628118	1000.000	2600.000	Procnias_averano-XC542023.wav	2	0.9167
141	Spectrogram 1	1	163.979308390	164.118628118	1000.000	2600.000	Procnias_averano-XC542023.wav	2	0.9167
142	Waveform 1	1	164.408877551	164.554002268	1000.000	2600.000	Procnias_averano-XC542023.wav	2	1.0000
142	Spectrogram 1	1	164.408877551	164.554002268	1000.000	2600.000	Procnias_averano-XC542023.wav	2	1.0000
144	Waveform 1	1	165.732414966	165.906564626	1000.000	2600.000	Procnias_averano-XC542023.wav	2	0.9000
144	Spectrogram 1	1	165.732414966	165.906564626	1000.000	2600.000	Procnias_averano-XC542023.wav	2	0.9000
145	Waveform 1	1	166.173594104	166.330328798	1000.000	2600.000	Procnias_averano-XC542023.wav	2	0.8148
145	Spectrogram 1	1	166.173594104	166.330328798	1000.000	2600.000	Procnias_averano-XC542023.wav	2	0.8148
146	Waveform 1	1	166.597358277	166.736678005	1000.000	2600.000	Procnias_averano-XC542023.wav	2	0.9583
146	Spectrogram 1	1	166.597358277	166.736678005	1000.000	2600.000	Procnias_averano-XC542023.wav	2	0.9583
147	Waveform 1	1	167.038537415	167.172052154	1000.000	2600.000	Procnias_averano-XC542023.wav	2	0.9565
147	Spectrogram 1	1	167.038537415	167.172052154	1000.000	2600.000	Procnias_averano-XC542023.wav	2	0.9565
148	Waveform 1	1	167.485521542	167.682891156	1000.000	2600.000	Procnias_averano-XC542023.wav	2	0.7647
148	Spectrogram 1	1	167.485521542	167.682891156	1000.000	2600.000	Procnias_averano-XC542023.wav	2	0.7647
149	Waveform 1	1	167.920895692	168.112460317	1000.000	2600.000	Procnias_averano-XC542023.wav	2	0.8182
149	Spectrogram 1	1	167.920895692	168.112460317	1000.000	2600.000	Procnias_averano-XC542023.wav	2	0.8182
150	Waveform 1	1	168.350464853	168.524614512	1000.000	2600.000	Procnias_averano-XC542023.wav	2	0.9333
150	Spectrogram 1	1	168.350464853	168.524614512	1000.000	2600.000	Procnias_averano-XC542023.wav	2	0.9333
151	Waveform 1	1	168.785839002	168.948378685	1000.000	2600.000	Procnias_averano-XC542023.wav	2	0.9643
151	Spectrogram 1	1	168.785839002	168.948378685	1000.000	2600.000	Procnias_averano-XC542023.wav	2	0.9643
152	Waveform 1	1	169.209603175	169.383752834	1000.000	2600.000	Procnias_averano-XC542023.wav	2	0.9333
152	Spectrogram 1	1	169.209603175	169.383752834	1000.000	2600.000	Procnias_averano-XC542023.wav	2	0.9333
153	Waveform 1	1	169.633367347	169.790102041	1000.000	2600.000	Procnias_averano-XC542023.wav	2	0.8889
153	Spectrogram 1	1	169.633367347	169.790102041	1000.000	2600.000	Procnias_averano-XC542023.wav	2	0.8889
154	Waveform 1	1	170.062936508	170.237086168	1000.000	2600.000	Procnias_averano-XC542023.wav	2	0.7667
154	Spectrogram 1	1	170.062936508	170.237086168	1000.000	2600.000	Procnias_averano-XC542023.wav	2	0.7667
155	Waveform 1	1	170.486700680	170.666655329	1000.000	2600.000	Procnias_averano-XC542023.wav	2	0.8710
155	Spectrogram 1	1	170.486700680	170.666655329	1000.000	2600.000	Procnias_averano-XC542023.wav	2	0.8710
156	Waveform 1	1	170.910464853	171.067199546	1000.000	2600.000	Procnias_averano-XC542023.wav	2	0.8519
156	Spectrogram 1	1	170.910464853	171.067199546	1000.000	2600.000	Procnias_averano-XC542023.wav	2	0.8519
157	Waveform 1	1	171.334229025	171.496768707	1000.000	2600.000	Procnias_averano-XC542023.wav	2	0.8571
157	Spectrogram 1	1	171.334229025	171.496768707	1000.000	2600.000	Procnias_averano-XC542023.wav	2	0.8571
158	Waveform 1	1	171.757993197	171.926337868	1000.000	2600.000	Procnias_averano-XC542023.wav	2	0.8276
158	Spectrogram 1	1	171.757993197	171.926337868	1000.000	2600.000	Procnias_averano-XC542023.wav	2	0.8276
159	Waveform 1	1	172.193367347	172.390736961	1000.000	2600.000	Procnias_averano-XC542023.wav	2	0.8529
159	Spectrogram 1	1	172.193367347	172.390736961	1000.000	2600.000	Procnias_averano-XC542023.wav	2	0.8529
160	Waveform 1	1	172.611326531	172.791281179	1000.000	2600.000	Procnias_averano-XC542023.wav	2	0.8065
160	Spectrogram 1	1	172.611326531	172.791281179	1000.000	2600.000	Procnias_averano-XC542023.wav	2	0.8065
161	Waveform 1	1	173.040895692	173.139580499	1000.000	2600.000	Procnias_averano-XC542023.wav	2	0.8824
161	Spectrogram 1	1	173.040895692	173.139580499	1000.000	2600.000	Procnias_averano-XC542023.wav	2	0.8824
162	Waveform 1	1	173.458854875	173.592369615	1000.000	2600.000	Procnias_averano-XC542023.wav	2	0.7826
162	Spectrogram 1	1	173.458854875	173.592369615	1000.000	2600.000	Procnias_averano-XC542023.wav	2	0.7826
163	Waveform 1	1	173.888424036	174.021938776	1000.000	2600.000	Procnias_averano-XC542023.wav	2	0.9130
163	Spectrogram 1	1	173.888424036	174.021938776	1000.000	2600.000	Procnias_averano-XC542023.wav	2	0.9130
164	Waveform 1	1	174.323798186	174.492142857	1000.000	2600.000	Procnias_averano-XC542023.wav	2	0.7241
164	Spectrogram 1	1	174.323798186	174.492142857	1000.000	2600.000	Procnias_averano-XC542023.wav	2	0.7241
165	Waveform 1	1	175.171326531	175.316451247	1000.000	2600.000	Procnias_averano-XC542023.wav	2	0.8800
165	Spectrogram 1	1	175.171326531	175.316451247	1000.000	2600.000	Procnias_averano-XC542023.wav	2	0.8800
166	Waveform 1	1	175.606700680	175.746020408	1000.000	2600.000	Procnias_averano-XC542023.wav	2	0.9167
166	Spectrogram 1	1	175.606700680	175.746020408	1000.000	2600.000	Procnias_averano-XC542023.wav	2	0.9167
167	Waveform 1	1	176.036269841	176.210419501	1000.000	2600.000	Procnias_averano-XC542023.wav	2	0.7667
167	Spectrogram 1	1	176.036269841	176.210419501	1000.000	2600.000	Procnias_averano-XC542023.wav	2	0.7667
168	Waveform 1	1	176.471643991	176.622573696	1000.000	2600.000	Procnias_averano-XC542023.wav	2	0.7308
168	Spectrogram 1	1	176.471643991	176.622573696	1000.000	2600.000	Procnias_averano-XC542023.wav	2	0.7308
169	Waveform 1	1	176.901213152	177.023117914	1000.000	2600.000	Procnias_averano-XC542023.wav	2	1.0000
169	Spectrogram 1	1	176.901213152	177.023117914	1000.000	2600.000	Procnias_averano-XC542023.wav	2	1.0000
170	Waveform 1	1	177.342392290	177.464297052	1000.000	2600.000	Procnias_averano-XC542023.wav	2	1.0000
170	Spectrogram 1	1	177.342392290	177.464297052	1000.000	2600.000	Procnias_averano-XC542023.wav	2	1.0000
171	Waveform 1	1	177.789376417	177.888061224	1000.000	2600.000	Procnias_averano-XC542023.wav	2	0.8824
171	Spectrogram 1	1	177.789376417	177.888061224	1000.000	2600.000	Procnias_averano-XC542023.wav	2	0.8824
172	Waveform 1	1	178.677539683	178.787834467	1000.000	2600.000	Procnias_averano-XC542023.wav	2	0.9474
172	Spectrogram 1	1	178.677539683	178.787834467	1000.000	2600.000	Procnias_averano-XC542023.wav	2	0.9474
173	Waveform 1	1	179.118718821	179.246428571	1000.000	2600.000	Procnias_averano-XC542023.wav	2	1.0000
173	Spectrogram 1	1	179.118718821	179.246428571	1000.000	2600.000	Procnias_averano-XC542023.wav	2	1.0000
174	Waveform 1	1	179.577312925	179.705022676	1000.000	2600.000	Procnias_averano-XC542023.wav	2	0.9091
174	Spectrogram 1	1	179.577312925	179.705022676	1000.000	2600.000	Procnias_averano-XC542023.wav	2	0.9091
2	Waveform 1	1	9.353388811	9.636411032	1000.000	2756.250	Procnias_averano-XC542023.wav	3a	0.7073
2	Spectrogram 1	1	9.353388811	9.636411032	1000.000	2756.250	Procnias_averano-XC542023.wav	3a	0.7073
3	Waveform 1	1	18.861993064	19.103187775	1000.000	3018.750	Procnias_averano-XC542023.wav	3a	0.7255
3	Spectrogram 1	1	18.861993064	19.103187775	1000.000	3018.750	Procnias_averano-XC542023.wav	3a	0.7255
4	Waveform 1	1	19.715920985	19.978780825	1000.000	2493.750	Procnias_averano-XC542023.wav	3a	0.8049
4	Spectrogram 1	1	19.715920985	19.978780825	1000.000	2493.750	Procnias_averano-XC542023.wav	3a	0.8049
180	Waveform 1	1	18.011997743	18.230175245	1050.000	3543.750	Procnias_averano-XC542023.wav	3a	
180	Spectrogram 1	1	18.011997743	18.230175245	1050.000	3543.750	Procnias_averano-XC542023.wav	3a	
181	Waveform 1	1	17.135254954	17.339483692	787.500	2756.250	Procnias_averano-XC542023.wav	3a	
181	Spectrogram 1	1	17.135254954	17.339483692	787.500	2756.250	Procnias_averano-XC542023.wav	3a	
182	Waveform 1	1	16.267958164	16.466471162	787.500	3150.000	Procnias_averano-XC542023.wav	3a	
182	Spectrogram 1	1	16.267958164	16.466471162	787.500	3150.000	Procnias_averano-XC542023.wav	3a	
183	Waveform 1	1	15.400993175	15.615079208	1050.000	2887.500	Procnias_averano-XC542023.wav	3a	
183	Spectrogram 1	1	15.400993175	15.615079208	1050.000	2887.500	Procnias_averano-XC542023.wav	3a	
184	Waveform 1	1	13.712026300	13.909111050	787.500	3018.750	Procnias_averano-XC542023.wav	3a	
184	Spectrogram 1	1	13.712026300	13.909111050	787.500	3018.750	Procnias_averano-XC542023.wav	3a	
185	Waveform 1	1	14.585509822	14.792594734	525.000	2493.750	Procnias_averano-XC542023.wav	3a	
185	Spectrogram 1	1	14.585509822	14.792594734	525.000	2493.750	Procnias_averano-XC542023.wav	3a	
187	Waveform 1	1	8.508794772	8.732520245	525.000	2493.750	Procnias_averano-XC542023.wav	3a	
187	Spectrogram 1	1	8.508794772	8.732520245	525.000	2493.750	Procnias_averano-XC542023.wav	3a	
188	Waveform 1	1	7.619014916	7.852035263	656.250	2493.750	Procnias_averano-XC542023.wav	3a	
188	Spectrogram 1	1	7.619014916	7.852035263	656.250	2493.750	Procnias_averano-XC542023.wav	3a	
191	Waveform 1	1	9.706588888	10.004142998	1008.824	2810.294	Procnias_averano-XC542023.wav	3b	
191	Spectrogram 1	1	9.706588888	10.004142998	1008.824	2810.294	Procnias_averano-XC542023.wav	3b	
192	Waveform 1	1	8.830769244	9.128323354	576.471	2594.118	Procnias_averano-XC542023.wav	3b	
192	Spectrogram 1	1	8.830769244	9.128323354	576.471	2594.118	Procnias_averano-XC542023.wav	3b	
194	Waveform 1	1	7.961512718	8.275909514	864.706	2810.294	Procnias_averano-XC542023.wav	3b	
194	Spectrogram 1	1	7.961512718	8.275909514	864.706	2810.294	Procnias_averano-XC542023.wav	3b	
195	Waveform 1	1	13.165225775	13.496465256	576.471	2161.765	Procnias_averano-XC542023.wav	3b	
195	Spectrogram 1	1	13.165225775	13.496465256	576.471	2161.765	Procnias_averano-XC542023.wav	3b	
196	Waveform 1	1	14.012974277	14.389127586	720.588	2450.000	Procnias_averano-XC542023.wav	3b	
196	Spectrogram 1	1	14.012974277	14.389127586	720.588	2450.000	Procnias_averano-XC542023.wav	3b	
197	Waveform 1	1	14.885229504	15.233311671	648.529	2810.294	Procnias_averano-XC542023.wav	3b	
197	Spectrogram 1	1	14.885229504	15.233311671	648.529	2810.294	Procnias_averano-XC542023.wav	3b	
198	Waveform 1	1	15.693678407	16.064217487	720.588	2954.412	Procnias_averano-XC542023.wav	3b	
198	Spectrogram 1	1	15.693678407	16.064217487	720.588	2954.412	Procnias_averano-XC542023.wav	3b	
199	Waveform 1	1	16.570334389	16.963330383	864.706	2594.118	Procnias_averano-XC542023.wav	3b	
199	Spectrogram 1	1	16.570334389	16.963330383	864.706	2594.118	Procnias_averano-XC542023.wav	3b	
200	Waveform 1	1	17.507910546	17.816693113	1152.941	3098.529	Procnias_averano-XC542023.wav	3b	
200	Spectrogram 1	1	17.507910546	17.816693113	1152.941	3098.529	Procnias_averano-XC542023.wav	3b	
201	Waveform 1	1	18.367723843	18.670892182	936.765	2882.353	Procnias_averano-XC542023.wav	3b	
201	Spectrogram 1	1	18.367723843	18.670892182	936.765	2882.353	Procnias_averano-XC542023.wav	3b	
202	Waveform 1	1	19.176172746	19.549518940	1008.824	2882.353	Procnias_averano-XC542023.wav	3b	
202	Spectrogram 1	1	19.176172746	19.549518940	1008.824	2882.353	Procnias_averano-XC542023.wav	3b	
203	Waveform 1	1	20.071415595	20.411076419	720.588	2810.294	Procnias_averano-XC542023.wav	3b	
203	Spectrogram 1	1	20.071415595	20.411076419	720.588	2810.294	Procnias_averano-XC542023.wav	3b	
