Selection	View	Channel	Begin Time (s)	End Time (s)	Low Freq (Hz)	High Freq (Hz)	Begin File	Tipo
1	Waveform 1	1	3.221511316	3.341240670	516.800	6564.017	Procnias_averano-INAT193745387.wav 	1
1	Spectrogram 1	1	3.221511316	3.341240670	516.800	6564.017	Procnias_averano-INAT193745387.wav 	1
2	Waveform 1	1	7.763082464	7.909237765	861.300	2549.133	Procnias_averano-INAT193745387.wav 	1
2	Spectrogram 1	1	7.763082464	7.909237765	861.300	2549.133	Procnias_averano-INAT193745387.wav 	1
3	Waveform 1	1	11.142526105	11.288928122	803.900	2166.763	Procnias_averano-INAT193745387.wav 	1
3	Spectrogram 1	1	11.142526105	11.288928122	803.900	2166.763	Procnias_averano-INAT193745387.wav 	1
4	Waveform 1	1	14.594370213	14.720824919	689.100	2867.775	Procnias_averano-INAT193745387.wav 	1
4	Spectrogram 1	1	14.594370213	14.720824919	689.100	2867.775	Procnias_averano-INAT193745387.wav 	1
5	Waveform 1	1	18.024953083	18.207338169	803.900	2698.800	Procnias_averano-INAT193745387.wav 	1
5	Spectrogram 1	1	18.024953083	18.207338169	803.900	2698.800	Procnias_averano-INAT193745387.wav 	1
6	Waveform 1	1	21.733900883	21.847551234	631.600	5480.636	Procnias_averano-INAT193745387.wav 	1
6	Spectrogram 1	1	21.733900883	21.847551234	631.600	5480.636	Procnias_averano-INAT193745387.wav 	1
7	Waveform 1	1	24.252633263	24.363880577	976.200	1911.850	Procnias_averano-INAT193745387.wav 	1
7	Spectrogram 1	1	24.252633263	24.363880577	976.200	1911.850	Procnias_averano-INAT193745387.wav 	1
8	Waveform 1	1	25.235279438	25.351438440	861.300	1911.850	Procnias_averano-INAT193745387.wav 	1
8	Spectrogram 1	1	25.235279438	25.351438440	861.300	1911.850	Procnias_averano-INAT193745387.wav 	1
