Selection	View	Channel	Begin Time (s)	End Time (s)	Low Freq (Hz)	High Freq (Hz)	Begin File	Tipo
1	Waveform 1	2	4.587448139	4.690578710	854.000	7453.500	Procnias_averano-ML7283.wav	1
1	Spectrogram 1	2	4.587448139	4.690578710	854.000	7453.500	Procnias_averano-ML7283.wav	1
2	Waveform 1	2	10.660629518	10.753698570	698.800	6832.400	Procnias_averano-ML7283.wav	1
2	Spectrogram 1	2	10.660629518	10.753698570	698.800	6832.400	Procnias_averano-ML7283.wav	1
3	Waveform 1	2	19.121341958	19.232018668	698.800	7686.400	Procnias_averano-ML7283.wav	1
3	Spectrogram 1	2	19.121341958	19.232018668	698.800	7686.400	Procnias_averano-ML7283.wav	1
4	Waveform 1	2	25.474647370	25.566458732	543.500	8074.600	Procnias_averano-ML7283.wav	1
4	Spectrogram 1	2	25.474647370	25.566458732	543.500	8074.600	Procnias_averano-ML7283.wav	1
5	Waveform 1	2	43.610304382	43.692054226	776.400	8385.200	Procnias_averano-ML7283.wav	2
5	Spectrogram 1	2	43.610304382	43.692054226	776.400	8385.200	Procnias_averano-ML7283.wav	2
7	Waveform 1	2	43.952396034	44.019053599	931.700	7919.400	Procnias_averano-ML7283.wav	2
7	Spectrogram 1	2	43.952396034	44.019053599	931.700	7919.400	Procnias_averano-ML7283.wav	2
8	Waveform 1	2	44.347310662	44.416483606	854.000	7531.200	Procnias_averano-ML7283.wav	2
8	Spectrogram 1	2	44.347310662	44.416483606	854.000	7531.200	Procnias_averano-ML7283.wav	2
9	Waveform 1	2	44.738452219	44.817686683	698.800	7298.200	Procnias_averano-ML7283.wav	2
9	Spectrogram 1	2	44.738452219	44.817686683	698.800	7298.200	Procnias_averano-ML7283.wav	2
10	Waveform 1	2	45.943834937	46.033130920	465.800	7375.900	Procnias_averano-ML7283.wav	2
10	Spectrogram 1	2	45.943834937	46.033130920	465.800	7375.900	Procnias_averano-ML7283.wav	2
11	Waveform 1	2	180.581466266	180.675793008	543.500	7764.100	Procnias_averano-ML7283.wav	1
11	Spectrogram 1	2	180.581466266	180.675793008	543.500	7764.100	Procnias_averano-ML7283.wav	1
16	Waveform 1	2	158.778295420	158.836101289	885.200	7242.700	Procnias_averano-ML7283.wav	2
16	Spectrogram 1	2	158.778295420	158.836101289	885.200	7242.700	Procnias_averano-ML7283.wav	2
17	Waveform 1	2	159.173153968	159.253192863	724.300	7001.300	Procnias_averano-ML7283.wav	2
17	Spectrogram 1	2	159.173153968	159.253192863	724.300	7001.300	Procnias_averano-ML7283.wav	2
18	Waveform 1	2	191.748317419	191.827466993	814.300	7830.300	Procnias_averano-ML7283.wav	1
18	Spectrogram 1	2	191.748317419	191.827466993	814.300	7830.300	Procnias_averano-ML7283.wav	1
19	Waveform 1	2	166.979647278	167.061464815	626.400	7579.700	Procnias_averano-ML7283.wav	2
19	Spectrogram 1	2	166.979647278	167.061464815	626.400	7579.700	Procnias_averano-ML7283.wav	2
20	Waveform 1	2	159.588622973	159.668661868	563.800	7892.900	Procnias_averano-ML7283.wav	2
20	Spectrogram 1	2	159.588622973	159.668661868	563.800	7892.900	Procnias_averano-ML7283.wav	2
21	Waveform 1	2	159.983742372	160.101641171	1002.273	6729.545	Procnias_averano-ML7283.wav	2
21	Spectrogram 1	2	159.983742372	160.101641171	1002.273	6729.545	Procnias_averano-ML7283.wav	2
22	Waveform 1	2	160.379545481	160.500251393	930.682	6443.182	Procnias_averano-ML7283.wav	2
22	Spectrogram 1	2	160.379545481	160.500251393	930.682	6443.182	Procnias_averano-ML7283.wav	2
23	Waveform 1	2	160.797805503	160.904475844	930.682	6371.591	Procnias_averano-ML7283.wav	2
23	Spectrogram 1	2	160.797805503	160.904475844	930.682	6371.591	Procnias_averano-ML7283.wav	2
24	Waveform 1	2	161.182380155	161.308700296	715.909	6156.818	Procnias_averano-ML7283.wav	2
24	Spectrogram 1	2	161.182380155	161.308700296	715.909	6156.818	Procnias_averano-ML7283.wav	2
25	Waveform 1	2	158.010399492	158.128298290	859.091	6872.727	Procnias_averano-ML7283.wav	2
25	Spectrogram 1	2	158.010399492	158.128298290	859.091	6872.727	Procnias_averano-ML7283.wav	2
26	Waveform 1	2	158.383745686	158.490416027	930.682	6586.364	Procnias_averano-ML7283.wav	2
26	Spectrogram 1	2	158.383745686	158.490416027	930.682	6586.364	Procnias_averano-ML7283.wav	2
27	Waveform 1	2	162.012480571	162.133186483	1002.273	6514.773	Procnias_averano-ML7283.wav	2
27	Spectrogram 1	2	162.012480571	162.133186483	1002.273	6514.773	Procnias_averano-ML7283.wav	2
28	Waveform 1	2	162.408283679	162.543025163	644.318	6371.591	Procnias_averano-ML7283.wav	2
28	Spectrogram 1	2	162.408283679	162.543025163	644.318	6371.591	Procnias_averano-ML7283.wav	2
29	Waveform 1	2	162.834965044	162.958478071	859.091	6300.000	Procnias_averano-ML7283.wav	2
29	Spectrogram 1	2	162.834965044	162.958478071	859.091	6300.000	Procnias_averano-ML7283.wav	2
30	Waveform 1	2	163.233575267	163.365509636	715.909	6586.364	Procnias_averano-ML7283.wav	2
30	Spectrogram 1	2	163.233575267	163.365509636	715.909	6586.364	Procnias_averano-ML7283.wav	2
31	Waveform 1	2	163.665435188	163.794562444	1002.273	6085.227	Procnias_averano-ML7283.wav	2
31	Spectrogram 1	2	163.665435188	163.794562444	1002.273	6085.227	Procnias_averano-ML7283.wav	2
32	Waveform 1	2	164.066852525	164.226858037	715.909	6228.409	Procnias_averano-ML7283.wav	2
32	Spectrogram 1	2	164.066852525	164.226858037	715.909	6228.409	Procnias_averano-ML7283.wav	2
33	Waveform 1	2	164.507133789	164.622225473	1002.273	4725.000	Procnias_averano-ML7283.wav	2
33	Spectrogram 1	2	164.507133789	164.622225473	1002.273	4725.000	Procnias_averano-ML7283.wav	2
34	Waveform 1	2	164.911358240	165.057328181	1002.273	4796.591	Procnias_averano-ML7283.wav	2
34	Spectrogram 1	2	164.911358240	165.057328181	1002.273	4796.591	Procnias_averano-ML7283.wav	2
35	Waveform 1	2	165.309968463	165.433481490	644.318	4796.591	Procnias_averano-ML7283.wav	2
35	Spectrogram 1	2	165.309968463	165.433481490	644.318	4796.591	Procnias_averano-ML7283.wav	2
36	Waveform 1	2	165.732333995	165.847425679	715.909	6300.000	Procnias_averano-ML7283.wav	2
36	Spectrogram 1	2	165.732333995	165.847425679	715.909	6300.000	Procnias_averano-ML7283.wav	2
37	Waveform 1	2	166.130944217	166.237614559	859.091	5082.955	Procnias_averano-ML7283.wav	2
37	Spectrogram 1	2	166.130944217	166.237614559	859.091	5082.955	Procnias_averano-ML7283.wav	2
38	Waveform 1	2	166.557625582	166.655874581	715.909	5584.091	Procnias_averano-ML7283.wav	2
38	Spectrogram 1	2	166.557625582	166.655874581	715.909	5584.091	Procnias_averano-ML7283.wav	2
39	Waveform 1	2	109.370493665	109.496813806	715.909	5655.682	Procnias_averano-ML7283.wav	2
39	Spectrogram 1	2	109.370493665	109.496813806	715.909	5655.682	Procnias_averano-ML7283.wav	2
40	Waveform 1	2	109.755068317	109.870160001	787.500	5011.364	Procnias_averano-ML7283.wav	2
40	Spectrogram 1	2	109.755068317	109.870160001	787.500	5011.364	Procnias_averano-ML7283.wav	2
41	Waveform 1	2	110.173328339	110.265963109	1145.455	5369.318	Procnias_averano-ML7283.wav	2
41	Spectrogram 1	2	110.173328339	110.265963109	1145.455	5369.318	Procnias_averano-ML7283.wav	2
42	Waveform 1	2	110.569131448	110.661766218	715.909	5512.500	Procnias_averano-ML7283.wav	2
42	Spectrogram 1	2	110.569131448	110.661766218	715.909	5512.500	Procnias_averano-ML7283.wav	2
43	Waveform 1	2	110.973355899	111.071604897	501.136	5297.727	Procnias_averano-ML7283.wav	2
43	Spectrogram 1	2	110.973355899	111.071604897	501.136	5297.727	Procnias_averano-ML7283.wav	2
44	Waveform 1	2	111.380387464	111.484250691	930.682	5226.136	Procnias_averano-ML7283.wav	2
44	Spectrogram 1	2	111.380387464	111.484250691	930.682	5226.136	Procnias_averano-ML7283.wav	2
45	Waveform 1	2	111.809875943	111.882860914	715.909	4796.591	Procnias_averano-ML7283.wav	2
45	Spectrogram 1	2	111.809875943	111.882860914	715.909	4796.591	Procnias_averano-ML7283.wav	2
46	Waveform 1	2	112.240650995	112.341707108	1073.864	5082.955	Procnias_averano-ML7283.wav	2
46	Spectrogram 1	2	112.240650995	112.341707108	1073.864	5082.955	Procnias_averano-ML7283.wav	2
47	Waveform 1	2	112.656103903	112.774002701	930.682	4868.182	Procnias_averano-ML7283.wav	2
47	Spectrogram 1	2	112.656103903	112.774002701	930.682	4868.182	Procnias_averano-ML7283.wav	2
48	Waveform 1	2	113.079324646	113.177573644	930.682	4868.182	Procnias_averano-ML7283.wav	2
48	Spectrogram 1	2	113.079324646	113.177573644	930.682	4868.182	Procnias_averano-ML7283.wav	2
49	Waveform 1	2	113.477934868	113.595833667	644.318	5154.545	Procnias_averano-ML7283.wav	2
49	Spectrogram 1	2	113.477934868	113.595833667	644.318	5154.545	Procnias_averano-ML7283.wav	2
50	Waveform 1	2	113.913037576	114.047779060	1002.273	5011.364	Procnias_averano-ML7283.wav	2
50	Spectrogram 1	2	113.913037576	114.047779060	1002.273	5011.364	Procnias_averano-ML7283.wav	2
51	Waveform 1	2	114.322876256	114.426739483	787.500	5297.727	Procnias_averano-ML7283.wav	2
51	Spectrogram 1	2	114.322876256	114.426739483	787.500	5297.727	Procnias_averano-ML7283.wav	2
52	Waveform 1	2	114.730557019	114.856877160	1002.273	4868.182	Procnias_averano-ML7283.wav	2
52	Spectrogram 1	2	114.730557019	114.856877160	1002.273	4868.182	Procnias_averano-ML7283.wav	2
53	Waveform 1	2	115.165659726	115.291979867	715.909	4939.773	Procnias_averano-ML7283.wav	2
53	Spectrogram 1	2	115.165659726	115.291979867	715.909	4939.773	Procnias_averano-ML7283.wav	2
54	Waveform 1	2	117.740859736	117.864372763	787.500	4868.182	Procnias_averano-ML7283.wav	2
54	Spectrogram 1	2	117.740859736	117.864372763	787.500	4868.182	Procnias_averano-ML7283.wav	2
55	Waveform 1	2	118.167541101	118.282632785	1002.273	5154.545	Procnias_averano-ML7283.wav	2
55	Spectrogram 1	2	118.167541101	118.282632785	1002.273	5154.545	Procnias_averano-ML7283.wav	2
56	Waveform 1	2	118.580186895	118.700892807	859.091	5226.136	Procnias_averano-ML7283.wav	2
56	Spectrogram 1	2	118.580186895	118.700892807	859.091	5226.136	Procnias_averano-ML7283.wav	2
57	Waveform 1	2	119.006868260	119.144416858	1002.273	5297.727	Procnias_averano-ML7283.wav	2
57	Spectrogram 1	2	119.006868260	119.144416858	1002.273	5297.727	Procnias_averano-ML7283.wav	2
58	Waveform 1	2	119.442402329	119.549072671	1073.864	5082.955	Procnias_averano-ML7283.wav	2
58	Spectrogram 1	2	119.442402329	119.549072671	1073.864	5082.955	Procnias_averano-ML7283.wav	2
59	Waveform 1	2	119.869083694	120.006632292	859.091	4939.773	Procnias_averano-ML7283.wav	2
59	Spectrogram 1	2	119.869083694	120.006632292	859.091	4939.773	Procnias_averano-ML7283.wav	2
60	Waveform 1	2	120.315414859	120.413663858	859.091	5369.318	Procnias_averano-ML7283.wav	2
60	Spectrogram 1	2	120.315414859	120.413663858	859.091	5369.318	Procnias_averano-ML7283.wav	2
