Selection	View	Channel	Begin Time (s)	End Time (s)	Low Freq (Hz)	High Freq (Hz)	Begin File	Tipo
6	Waveform 1	1	10.611779390	10.831102206	844.900	4646.800	Procnias_averano-INAT185648203.wav	1
6	Spectrogram 1	1	10.611779390	10.831102206	844.900	4646.800	Procnias_averano-INAT185648203.wav	1
9	Waveform 1	1	35.311991404	35.506696354	806.500	4685.200	Procnias_averano-INAT185648203.wav	1
9	Spectrogram 1	1	35.311991404	35.506696354	806.500	4685.200	Procnias_averano-INAT185648203.wav	1
28	Waveform 1	1	65.072502104	65.249249691	998.500	4570.000	Procnias_averano-INAT185648203.wav	1
28	Spectrogram 1	1	65.072502104	65.249249691	998.500	4570.000	Procnias_averano-INAT185648203.wav	1
32	Waveform 1	1	76.256813070	76.469421923	983.900	5676.600	Procnias_averano-INAT185648203.wav	1
32	Spectrogram 1	1	76.256813070	76.469421923	983.900	5676.600	Procnias_averano-INAT185648203.wav	1
1	Waveform 1	1	0.749725954	1.018284504	844.900	3341.100	Procnias_averano-INAT185648203.wav	2
1	Spectrogram 1	1	0.749725954	1.018284504	844.900	3341.100	Procnias_averano-INAT185648203.wav	2
2	Waveform 1	1	1.376362572	1.644921122	921.700	3302.700	Procnias_averano-INAT185648203.wav	2
2	Spectrogram 1	1	1.376362572	1.644921122	921.700	3302.700	Procnias_averano-INAT185648203.wav	2
3	Waveform 1	1	2.507536632	2.840996833	921.700	3763.500	Procnias_averano-INAT185648203.wav	2
3	Spectrogram 1	1	2.507536632	2.840996833	921.700	3763.500	Procnias_averano-INAT185648203.wav	2
4	Waveform 1	1	3.098365444	3.351258079	729.700	3917.100	Procnias_averano-INAT185648203.wav	2
4	Spectrogram 1	1	3.098365444	3.351258079	729.700	3917.100	Procnias_averano-INAT185648203.wav	2
5	Waveform 1	1	4.277852911	4.423322126	806.500	3341.100	Procnias_averano-INAT185648203.wav	2
5	Spectrogram 1	1	4.277852911	4.423322126	806.500	3341.100	Procnias_averano-INAT185648203.wav	2
7	Waveform 1	1	15.264530276	15.416713455	729.700	2918.600	Procnias_averano-INAT185648203.wav	2
7	Spectrogram 1	1	15.264530276	15.416713455	729.700	2918.600	Procnias_averano-INAT185648203.wav	2
8	Waveform 1	1	15.871025003	16.027684158	729.700	3648.300	Procnias_averano-INAT185648203.wav	2
8	Spectrogram 1	1	15.871025003	16.027684158	729.700	3648.300	Procnias_averano-INAT185648203.wav	2
10	Waveform 1	1	38.981884930	39.138544084	806.500	2995.500	Procnias_averano-INAT185648203.wav	2
10	Spectrogram 1	1	38.981884930	39.138544084	806.500	2995.500	Procnias_averano-INAT185648203.wav	2
11	Waveform 1	1	39.597331608	39.774132654	576.000	3456.300	Procnias_averano-INAT185648203.wav	2
11	Spectrogram 1	1	39.597331608	39.774132654	576.000	3456.300	Procnias_averano-INAT185648203.wav	2
12	Waveform 1	1	40.202659674	40.374984744	691.300	3609.900	Procnias_averano-INAT185648203.wav	2
12	Spectrogram 1	1	40.202659674	40.374984744	691.300	3609.900	Procnias_averano-INAT185648203.wav	2
13	Waveform 1	1	40.776277244	40.941888350	921.700	2573.000	Procnias_averano-INAT185648203.wav	2
13	Spectrogram 1	1	40.776277244	40.941888350	921.700	2573.000	Procnias_averano-INAT185648203.wav	2
14	Waveform 1	1	41.360392092	41.499147343	768.100	3264.300	Procnias_averano-INAT185648203.wav	2
14	Spectrogram 1	1	41.360392092	41.499147343	768.100	3264.300	Procnias_averano-INAT185648203.wav	2
15	Waveform 1	1	41.931079012	42.103404082	844.900	3341.100	Procnias_averano-INAT185648203.wav	2
15	Spectrogram 1	1	41.931079012	42.103404082	844.900	3341.100	Procnias_averano-INAT185648203.wav	2
16	Waveform 1	1	42.534940420	42.711741465	806.500	3225.900	Procnias_averano-INAT185648203.wav	2
16	Spectrogram 1	1	42.534940420	42.711741465	806.500	3225.900	Procnias_averano-INAT185648203.wav	2
17	Waveform 1	1	43.089961424	43.271238446	844.900	3302.700	Procnias_averano-INAT185648203.wav	2
17	Spectrogram 1	1	43.089961424	43.271238446	844.900	3302.700	Procnias_averano-INAT185648203.wav	2
18	Waveform 1	1	43.672679612	43.867384561	729.700	3571.500	Procnias_averano-INAT185648203.wav	2
18	Spectrogram 1	1	43.672679612	43.867384561	729.700	3571.500	Procnias_averano-INAT185648203.wav	2
19	Waveform 1	1	44.256713126	44.487225882	921.700	3456.300	Procnias_averano-INAT185648203.wav	2
19	Spectrogram 1	1	44.256713126	44.487225882	921.700	3456.300	Procnias_averano-INAT185648203.wav	2
20	Waveform 1	1	44.849468593	45.048649518	576.000	3417.900	Procnias_averano-INAT185648203.wav	2
20	Spectrogram 1	1	44.849468593	45.048649518	576.000	3417.900	Procnias_averano-INAT185648203.wav	2
21	Waveform 1	1	45.445468708	45.655839573	844.900	3072.300	Procnias_averano-INAT185648203.wav	2
21	Spectrogram 1	1	45.445468708	45.655839573	844.900	3072.300	Procnias_averano-INAT185648203.wav	2
22	Waveform 1	1	46.001098376	46.245039060	768.100	3264.300	Procnias_averano-INAT185648203.wav	2
22	Spectrogram 1	1	46.001098376	46.245039060	768.100	3264.300	Procnias_averano-INAT185648203.wav	2
23	Waveform 1	1	46.571785296	46.793346100	883.300	3187.500	Procnias_averano-INAT185648203.wav	2
23	Spectrogram 1	1	46.571785296	46.793346100	883.300	3187.500	Procnias_averano-INAT185648203.wav	2
24	Waveform 1	1	47.153662156	47.343891129	844.900	3187.500	Procnias_averano-INAT185648203.wav	2
24	Spectrogram 1	1	47.153662156	47.343891129	844.900	3187.500	Procnias_averano-INAT185648203.wav	2
25	Waveform 1	1	48.896269416	49.108878268	960.100	3187.500	Procnias_averano-INAT185648203.wav	2
25	Spectrogram 1	1	48.896269416	49.108878268	960.100	3187.500	Procnias_averano-INAT185648203.wav	2
26	Waveform 1	1	49.466956336	49.684041164	806.500	3225.900	Procnias_averano-INAT185648203.wav	2
26	Spectrogram 1	1	49.466956336	49.684041164	806.500	3225.900	Procnias_averano-INAT185648203.wav	2
27	Waveform 1	1	50.045967212	50.260814053	921.700	3033.900	Procnias_averano-INAT185648203.wav	2
27	Spectrogram 1	1	50.045967212	50.260814053	921.700	3033.900	Procnias_averano-INAT185648203.wav	2
