Selection	View	Channel	Begin Time (s)	End Time (s)	Low Freq (Hz)	High Freq (Hz)	Begin File	Tipo	Occupancy
10	Waveform 1	1	9.247335601	9.384406548	1000.000	3000.000	Procnias_averano-XC77769.wav	1	0.8163
10	Spectrogram 1	1	9.247335601	9.384406548	1000.000	3000.000	Procnias_averano-XC77769.wav	1	0.8163
12	Waveform 1	1	22.285340136	22.381490022	1000.000	3000.000	Procnias_averano-XC77769.wav	1	0.8395
12	Spectrogram 1	1	22.285340136	22.381490022	1000.000	3000.000	Procnias_averano-XC77769.wav	1	0.8395
14	Waveform 1	1	23.620487528	23.957176871	1000.000	3000.000	Procnias_averano-XC77769.wav	1	0.7069
14	Spectrogram 1	1	23.620487528	23.957176871	1000.000	3000.000	Procnias_averano-XC77769.wav	1	0.7069
18	Waveform 1	1	31.497857143	31.625566893	1000.000	3000.000	Procnias_averano-XC77769.wav	1	1.0000
18	Spectrogram 1	1	31.497857143	31.625566893	1000.000	3000.000	Procnias_averano-XC77769.wav	1	1.0000
22	Waveform 1	1	36.768786848	36.954546485	1000.000	3000.000	Procnias_averano-XC77769.wav	1	0.8750
22	Spectrogram 1	1	36.768786848	36.954546485	1000.000	3000.000	Procnias_averano-XC77769.wav	1	0.8750
24	Waveform 1	1	45.052505669	45.193664763	1000.000	3000.000	Procnias_averano-XC77769.wav	1	0.8902
24	Spectrogram 1	1	45.052505669	45.193664763	1000.000	3000.000	Procnias_averano-XC77769.wav	1	0.8902
26	Waveform 1	1	49.220487528	49.315206713	1000.000	3000.000	Procnias_averano-XC77769.wav	1	0.9091
26	Spectrogram 1	1	49.220487528	49.315206713	1000.000	3000.000	Procnias_averano-XC77769.wav	1	0.9091
28	Waveform 1	1	52.430646259	52.761530612	1000.000	3000.000	Procnias_averano-XC77769.wav	1	0.7193
28	Spectrogram 1	1	52.430646259	52.761530612	1000.000	3000.000	Procnias_averano-XC77769.wav	1	0.7193
30	Waveform 1	1	55.141575964	55.244811871	1000.000	3000.000	Procnias_averano-XC77769.wav	1	0.8806
30	Spectrogram 1	1	55.141575964	55.244811871	1000.000	3000.000	Procnias_averano-XC77769.wav	1	0.8806
32	Waveform 1	1	59.698492063	59.819565549	1000.000	3000.000	Procnias_averano-XC77769.wav	1	0.8958
32	Spectrogram 1	1	59.698492063	59.819565549	1000.000	3000.000	Procnias_averano-XC77769.wav	1	0.8958
34	Waveform 1	1	62.275907029	62.374591837	1000.000	3000.000	Procnias_averano-XC77769.wav	2	0.9412
34	Spectrogram 1	1	62.275907029	62.374591837	1000.000	3000.000	Procnias_averano-XC77769.wav	2	0.9412
35	Waveform 1	1	62.566156463	62.682256236	1000.000	3000.000	Procnias_averano-XC77769.wav	2	0.9500
35	Spectrogram 1	1	62.566156463	62.682256236	1000.000	3000.000	Procnias_averano-XC77769.wav	2	0.9500
36	Waveform 1	1	62.885430839	63.013140590	1000.000	3000.000	Procnias_averano-XC77769.wav	2	1.0000
36	Spectrogram 1	1	62.885430839	63.013140590	1000.000	3000.000	Procnias_averano-XC77769.wav	2	1.0000
37	Waveform 1	1	63.198900227	63.315000000	1000.000	3000.000	Procnias_averano-XC77769.wav	2	1.0000
37	Spectrogram 1	1	63.198900227	63.315000000	1000.000	3000.000	Procnias_averano-XC77769.wav	2	1.0000
38	Waveform 1	1	63.518174603	63.640079365	1000.000	3000.000	Procnias_averano-XC77769.wav	2	0.9524
38	Spectrogram 1	1	63.518174603	63.640079365	1000.000	3000.000	Procnias_averano-XC77769.wav	2	0.9524
44	Waveform 1	1	63.843253968	63.976768707	1000.000	3000.000	Procnias_averano-XC77769.wav	2	0.8696
44	Spectrogram 1	1	63.843253968	63.976768707	1000.000	3000.000	Procnias_averano-XC77769.wav	2	0.8696
45	Waveform 1	1	64.174138322	64.290238095	1000.000	3000.000	Procnias_averano-XC77769.wav	2	1.0000
45	Spectrogram 1	1	64.174138322	64.290238095	1000.000	3000.000	Procnias_averano-XC77769.wav	2	1.0000
46	Waveform 1	1	64.510827664	64.621122449	1000.000	3000.000	Procnias_averano-XC77769.wav	2	0.9474
46	Spectrogram 1	1	64.510827664	64.621122449	1000.000	3000.000	Procnias_averano-XC77769.wav	2	0.9474
47	Waveform 1	1	64.859126984	64.986836735	1000.000	3000.000	Procnias_averano-XC77769.wav	2	0.9545
47	Spectrogram 1	1	64.859126984	64.986836735	1000.000	3000.000	Procnias_averano-XC77769.wav	2	0.9545
48	Waveform 1	1	65.207426304	65.340941043	1000.000	3000.000	Procnias_averano-XC77769.wav	2	0.7391
48	Spectrogram 1	1	65.207426304	65.340941043	1000.000	3000.000	Procnias_averano-XC77769.wav	2	0.7391
49	Waveform 1	1	65.555725624	65.695045351	1000.000	3000.000	Procnias_averano-XC77769.wav	2	0.8750
49	Spectrogram 1	1	65.555725624	65.695045351	1000.000	3000.000	Procnias_averano-XC77769.wav	2	0.8750
56	Waveform 1	1	65.904024943	66.060759637	1000.000	3000.000	Procnias_averano-XC77769.wav	2	0.8889
56	Spectrogram 1	1	65.904024943	66.060759637	1000.000	3000.000	Procnias_averano-XC77769.wav	2	0.8889
57	Waveform 1	1	66.252324263	66.403253968	1000.000	3000.000	Procnias_averano-XC77769.wav	2	0.8846
57	Spectrogram 1	1	66.252324263	66.403253968	1000.000	3000.000	Procnias_averano-XC77769.wav	2	0.8846
58	Waveform 1	1	66.612233560	66.763163265	1000.000	3000.000	Procnias_averano-XC77769.wav	2	1.0000
58	Spectrogram 1	1	66.612233560	66.763163265	1000.000	3000.000	Procnias_averano-XC77769.wav	2	1.0000
59	Waveform 1	1	66.977947846	67.117267574	1000.000	3000.000	Procnias_averano-XC77769.wav	2	0.9583
59	Spectrogram 1	1	66.977947846	67.117267574	1000.000	3000.000	Procnias_averano-XC77769.wav	2	0.9583
60	Waveform 1	1	67.337857143	67.488786848	1000.000	3000.000	Procnias_averano-XC77769.wav	2	1.0000
60	Spectrogram 1	1	67.337857143	67.488786848	1000.000	3000.000	Procnias_averano-XC77769.wav	2	1.0000
66	Waveform 1	1	67.691961451	67.924160998	1000.000	3000.000	Procnias_averano-XC77769.wav	2	0.9250
66	Spectrogram 1	1	67.691961451	67.924160998	1000.000	3000.000	Procnias_averano-XC77769.wav	2	0.9250
67	Waveform 1	1	68.046065760	68.173775510	1000.000	3000.000	Procnias_averano-XC77769.wav	2	0.9545
67	Spectrogram 1	1	68.046065760	68.173775510	1000.000	3000.000	Procnias_averano-XC77769.wav	2	0.9545
68	Waveform 1	1	68.417585034	68.527879819	1000.000	3000.000	Procnias_averano-XC77769.wav	2	0.9474
68	Spectrogram 1	1	68.417585034	68.527879819	1000.000	3000.000	Procnias_averano-XC77769.wav	2	0.9474
69	Waveform 1	1	68.684614512	68.916814059	1000.000	3000.000	Procnias_averano-XC77769.wav	2	0.9750
69	Spectrogram 1	1	68.684614512	68.916814059	1000.000	3000.000	Procnias_averano-XC77769.wav	2	0.9750
70	Waveform 1	1	69.154818594	69.270918367	1000.000	3000.000	Procnias_averano-XC77769.wav	2	0.9000
70	Spectrogram 1	1	69.154818594	69.270918367	1000.000	3000.000	Procnias_averano-XC77769.wav	2	0.9000
71	Waveform 1	1	69.520532880	69.648242630	1000.000	3000.000	Procnias_averano-XC77769.wav	2	0.9545
71	Spectrogram 1	1	69.520532880	69.648242630	1000.000	3000.000	Procnias_averano-XC77769.wav	2	0.9545
78	Waveform 1	1	69.897857143	70.135861678	1000.000	3000.000	Procnias_averano-XC77769.wav	2	0.9512
78	Spectrogram 1	1	69.897857143	70.135861678	1000.000	3000.000	Procnias_averano-XC77769.wav	2	0.9512
79	Waveform 1	1	70.304206349	70.484160998	1000.000	3000.000	Procnias_averano-XC77769.wav	2	0.9677
79	Spectrogram 1	1	70.304206349	70.484160998	1000.000	3000.000	Procnias_averano-XC77769.wav	2	0.9677
82	Waveform 1	1	79.185839002	79.412233560	1000.000	3000.000	Procnias_averano-XC77769.wav	1	0.9231
82	Spectrogram 1	1	79.185839002	79.412233560	1000.000	3000.000	Procnias_averano-XC77769.wav	1	0.9231
84	Waveform 1	1	87.597267574	87.684519216	1000.000	3000.000	Procnias_averano-XC77769.wav	1	0.9342
84	Spectrogram 1	1	87.597267574	87.684519216	1000.000	3000.000	Procnias_averano-XC77769.wav	1	0.9342
86	Waveform 1	1	93.141031746	93.256736051	1000.000	3000.000	Procnias_averano-XC77769.wav	1	0.9375
86	Spectrogram 1	1	93.141031746	93.256736051	1000.000	3000.000	Procnias_averano-XC77769.wav	1	0.9375
88	Waveform 1	1	97.796632653	97.897919867	1000.000	3000.000	Procnias_averano-XC77769.wav	1	0.9211
88	Spectrogram 1	1	97.796632653	97.897919867	1000.000	3000.000	Procnias_averano-XC77769.wav	1	0.9211
90	Waveform 1	1	101.459580499	101.548835123	1000.000	3000.000	Procnias_averano-XC77769.wav	1	0.8454
90	Spectrogram 1	1	101.459580499	101.548835123	1000.000	3000.000	Procnias_averano-XC77769.wav	1	0.8454
92	Waveform 1	1	104.802396298	104.945559125	1000.000	3000.000	Procnias_averano-XC77769.wav	1	0.9268
92	Spectrogram 1	1	104.802396298	104.945559125	1000.000	3000.000	Procnias_averano-XC77769.wav	1	0.9268
96	Waveform 1	1	106.469285714	106.633610474	1000.000	3000.000	Procnias_averano-XC77769.wav	1	0.8333
96	Spectrogram 1	1	106.469285714	106.633610474	1000.000	3000.000	Procnias_averano-XC77769.wav	1	0.8333
101	Waveform 1	1	107.699943311	107.851898056	1000.000	3000.000	Procnias_averano-XC77769.wav	1	1.0000
101	Spectrogram 1	1	107.699943311	107.851898056	1000.000	3000.000	Procnias_averano-XC77769.wav	1	1.0000
104	Waveform 1	1	108.808696145	108.946258691	1000.000	3000.000	Procnias_averano-XC77769.wav	1	0.8226
104	Spectrogram 1	1	108.808696145	108.946258691	1000.000	3000.000	Procnias_averano-XC77769.wav	1	0.8226
109	Waveform 1	1	109.807154195	110.097403628	1000.000	3000.000	Procnias_averano-XC77769.wav	2	0.9600
109	Spectrogram 1	1	109.807154195	110.097403628	1000.000	3000.000	Procnias_averano-XC77769.wav	2	0.9600
110	Waveform 1	1	110.770782313	111.037811791	1000.000	3000.000	Procnias_averano-XC77769.wav	2	0.9783
110	Spectrogram 1	1	110.770782313	111.037811791	1000.000	3000.000	Procnias_averano-XC77769.wav	2	0.9783
113	Waveform 1	1	111.693775510	111.960804989	1000.000	3000.000	Procnias_averano-XC77769.wav	2	0.8913
113	Spectrogram 1	1	111.693775510	111.960804989	1000.000	3000.000	Procnias_averano-XC77769.wav	2	0.8913
114	Waveform 1	1	113.423662132	113.690691610	1000.000	3000.000	Procnias_averano-XC77769.wav	2	0.7826
114	Spectrogram 1	1	113.423662132	113.690691610	1000.000	3000.000	Procnias_averano-XC77769.wav	2	0.7826
117	Waveform 1	1	114.282800454	114.549829932	1000.000	3000.000	Procnias_averano-XC77769.wav	2	0.9130
117	Spectrogram 1	1	114.282800454	114.549829932	1000.000	3000.000	Procnias_averano-XC77769.wav	2	0.9130
118	Waveform 1	1	115.112913832	115.397358277	1000.000	3000.000	Procnias_averano-XC77769.wav	2	0.8980
118	Spectrogram 1	1	115.112913832	115.397358277	1000.000	3000.000	Procnias_averano-XC77769.wav	2	0.8980
121	Waveform 1	1	115.960442177	116.215861678	1000.000	3000.000	Procnias_averano-XC77769.wav	2	0.8636
121	Spectrogram 1	1	115.960442177	116.215861678	1000.000	3000.000	Procnias_averano-XC77769.wav	2	0.8636
122	Waveform 1	1	116.773140590	117.028560091	1000.000	3000.000	Procnias_averano-XC77769.wav	2	0.7727
122	Spectrogram 1	1	116.773140590	117.028560091	1000.000	3000.000	Procnias_averano-XC77769.wav	2	0.7727
125	Waveform 1	1	117.562619048	117.794818594	1000.000	3000.000	Procnias_averano-XC77769.wav	2	0.9000
125	Spectrogram 1	1	117.562619048	117.794818594	1000.000	3000.000	Procnias_averano-XC77769.wav	2	0.9000
126	Waveform 1	1	118.381122449	118.729421769	1000.000	3000.000	Procnias_averano-XC77769.wav	2	0.7500
126	Spectrogram 1	1	118.381122449	118.729421769	1000.000	3000.000	Procnias_averano-XC77769.wav	2	0.7500
127	Waveform 1	1	119.205430839	119.484070295	1000.000	3000.000	Procnias_averano-XC77769.wav	2	0.9167
127	Spectrogram 1	1	119.205430839	119.484070295	1000.000	3000.000	Procnias_averano-XC77769.wav	2	0.9167
131	Waveform 1	1	120.052959184	120.319988662	1000.000	3000.000	Procnias_averano-XC77769.wav	2	0.9783
131	Spectrogram 1	1	120.052959184	120.319988662	1000.000	3000.000	Procnias_averano-XC77769.wav	2	0.9783
132	Waveform 1	1	120.877267574	121.132687075	1000.000	3000.000	Procnias_averano-XC77769.wav	2	0.9545
132	Spectrogram 1	1	120.877267574	121.132687075	1000.000	3000.000	Procnias_averano-XC77769.wav	2	0.9545
135	Waveform 1	1	121.713185941	122.084705215	1000.000	3000.000	Procnias_averano-XC77769.wav	2	0.7969
135	Spectrogram 1	1	121.713185941	122.084705215	1000.000	3000.000	Procnias_averano-XC77769.wav	2	0.7969
136	Waveform 1	1	122.531689342	122.810328798	1000.000	3000.000	Procnias_averano-XC77769.wav	2	0.9792
136	Spectrogram 1	1	122.531689342	122.810328798	1000.000	3000.000	Procnias_averano-XC77769.wav	2	0.9792
139	Waveform 1	1	123.408242630	123.721712018	1000.000	3000.000	Procnias_averano-XC77769.wav	2	0.8519
139	Spectrogram 1	1	123.408242630	123.721712018	1000.000	3000.000	Procnias_averano-XC77769.wav	2	0.8519
140	Waveform 1	1	124.255770975	124.557630385	1000.000	3000.000	Procnias_averano-XC77769.wav	2	0.9615
140	Spectrogram 1	1	124.255770975	124.557630385	1000.000	3000.000	Procnias_averano-XC77769.wav	2	0.9615
147	Waveform 1	1	140.068560091	140.174469644	1000.000	3000.000	Procnias_averano-XC77769.wav	1	0.9853
147	Spectrogram 1	1	140.068560091	140.174469644	1000.000	3000.000	Procnias_averano-XC77769.wav	1	0.9853
149	Waveform 1	1	143.841802721	143.944329876	1000.000	3000.000	Procnias_averano-XC77769.wav	1	0.8315
149	Spectrogram 1	1	143.841802721	143.944329876	1000.000	3000.000	Procnias_averano-XC77769.wav	1	0.8315
151	Waveform 1	1	147.527970522	147.631778709	1000.000	3000.000	Procnias_averano-XC77769.wav	1	0.8904
151	Spectrogram 1	1	147.527970522	147.631778709	1000.000	3000.000	Procnias_averano-XC77769.wav	1	0.8904
153	Waveform 1	1	150.291145125	150.529149660	1000.000	3000.000	Procnias_averano-XC77769.wav	2	0.9268
153	Spectrogram 1	1	150.291145125	150.529149660	1000.000	3000.000	Procnias_averano-XC77769.wav	2	0.9268
157	Waveform 1	1	151.887517007	152.230011338	1000.000	3000.000	Procnias_averano-XC77769.wav	2	0.8644
157	Spectrogram 1	1	151.887517007	152.230011338	1000.000	3000.000	Procnias_averano-XC77769.wav	2	0.8644
159	Waveform 1	1	153.158809524	153.408424036	1000.000	3000.000	Procnias_averano-XC77769.wav	2	0.9767
159	Spectrogram 1	1	153.158809524	153.408424036	1000.000	3000.000	Procnias_averano-XC77769.wav	2	0.9767
163	Waveform 1	1	154.308197279	154.581031746	1000.000	3000.000	Procnias_averano-XC77769.wav	2	0.8936
163	Spectrogram 1	1	154.308197279	154.581031746	1000.000	3000.000	Procnias_averano-XC77769.wav	2	0.8936
165	Waveform 1	1	155.393730159	155.683979592	1000.000	3000.000	Procnias_averano-XC77769.wav	2	0.8200
165	Spectrogram 1	1	155.393730159	155.683979592	1000.000	3000.000	Procnias_averano-XC77769.wav	2	0.8200
166	Waveform 1	1	156.456043084	156.763707483	1000.000	3000.000	Procnias_averano-XC77769.wav	2	0.8868
166	Spectrogram 1	1	156.456043084	156.763707483	1000.000	3000.000	Procnias_averano-XC77769.wav	2	0.8868
169	Waveform 1	1	157.408061224	157.709920635	1000.000	3000.000	Procnias_averano-XC77769.wav	2	0.9038
169	Spectrogram 1	1	157.408061224	157.709920635	1000.000	3000.000	Procnias_averano-XC77769.wav	2	0.9038
170	Waveform 1	1	158.319444444	158.586473923	1000.000	3000.000	Procnias_averano-XC77769.wav	2	0.9565
170	Spectrogram 1	1	158.319444444	158.586473923	1000.000	3000.000	Procnias_averano-XC77769.wav	2	0.9565
171	Waveform 1	1	159.294682540	159.555907029	1000.000	3000.000	Procnias_averano-XC77769.wav	2	0.9778
171	Spectrogram 1	1	159.294682540	159.555907029	1000.000	3000.000	Procnias_averano-XC77769.wav	2	0.9778
175	Waveform 1	1	160.165430839	160.409240363	1000.000	3000.000	Procnias_averano-XC77769.wav	2	0.8810
175	Spectrogram 1	1	160.165430839	160.409240363	1000.000	3000.000	Procnias_averano-XC77769.wav	2	0.8810
176	Waveform 1	1	161.076814059	161.338038549	1000.000	3000.000	Procnias_averano-XC77769.wav	2	0.7778
176	Spectrogram 1	1	161.076814059	161.338038549	1000.000	3000.000	Procnias_averano-XC77769.wav	2	0.7778
179	Waveform 1	1	161.935952381	162.185566893	1000.000	3000.000	Procnias_averano-XC77769.wav	2	0.9070
179	Spectrogram 1	1	161.935952381	162.185566893	1000.000	3000.000	Procnias_averano-XC77769.wav	2	0.9070
180	Waveform 1	1	162.783480726	163.033095238	1000.000	3000.000	Procnias_averano-XC77769.wav	2	0.8605
180	Spectrogram 1	1	162.783480726	163.033095238	1000.000	3000.000	Procnias_averano-XC77769.wav	2	0.8605
183	Waveform 1	1	163.607789116	163.851598639	1000.000	3000.000	Procnias_averano-XC77769.wav	2	0.8095
183	Spectrogram 1	1	163.607789116	163.851598639	1000.000	3000.000	Procnias_averano-XC77769.wav	2	0.8095
184	Waveform 1	1	164.437902494	164.687517007	1000.000	3000.000	Procnias_averano-XC77769.wav	2	0.8605
184	Spectrogram 1	1	164.437902494	164.687517007	1000.000	3000.000	Procnias_averano-XC77769.wav	2	0.8605
185	Waveform 1	1	165.256405896	165.500215420	1000.000	3000.000	Procnias_averano-XC77769.wav	2	0.8095
185	Spectrogram 1	1	165.256405896	165.500215420	1000.000	3000.000	Procnias_averano-XC77769.wav	2	0.8095
189	Waveform 1	1	166.057494331	166.370963719	1000.000	3000.000	Procnias_averano-XC77769.wav	2	0.9444
189	Spectrogram 1	1	166.057494331	166.370963719	1000.000	3000.000	Procnias_averano-XC77769.wav	2	0.9444
190	Waveform 1	1	166.864387755	167.172052154	1000.000	3000.000	Procnias_averano-XC77769.wav	2	0.9245
190	Spectrogram 1	1	166.864387755	167.172052154	1000.000	3000.000	Procnias_averano-XC77769.wav	2	0.9245
193	Waveform 1	1	167.717721088	168.048605442	1000.000	3000.000	Procnias_averano-XC77769.wav	2	0.9298
193	Spectrogram 1	1	167.717721088	168.048605442	1000.000	3000.000	Procnias_averano-XC77769.wav	2	0.9298
194	Waveform 1	1	168.530419501	168.838083900	1000.000	3000.000	Procnias_averano-XC77769.wav	2	0.9245
194	Spectrogram 1	1	168.530419501	168.838083900	1000.000	3000.000	Procnias_averano-XC77769.wav	2	0.9245
197	Waveform 1	1	169.377947846	169.755272109	1000.000	3000.000	Procnias_averano-XC77769.wav	2	0.8154
197	Spectrogram 1	1	169.377947846	169.755272109	1000.000	3000.000	Procnias_averano-XC77769.wav	2	0.8154
198	Waveform 1	1	170.289331066	170.631825397	1000.000	3000.000	Procnias_averano-XC77769.wav	2	0.8814
198	Spectrogram 1	1	170.289331066	170.631825397	1000.000	3000.000	Procnias_averano-XC77769.wav	2	0.8814
199	Waveform 1	1	171.177494331	171.519988662	1000.000	3000.000	Procnias_averano-XC77769.wav	2	0.9661
199	Spectrogram 1	1	171.177494331	171.519988662	1000.000	3000.000	Procnias_averano-XC77769.wav	2	0.9661
