Selection	View	Channel	Begin Time (s)	End Time (s)	Low Freq (Hz)	High Freq (Hz)	Begin File	Tipo
1	Waveform 1	1	4.735237064	4.803681669	739.106	3695.531	Procnias_averano-ML636101315.wav	1
1	Spectrogram 1	1	4.735237064	4.803681669	739.106	3695.531	Procnias_averano-ML636101315.wav	1
2	Waveform 1	1	8.993195830	9.077936768	800.698	4188.268	Procnias_averano-ML636101315.wav	1
2	Spectrogram 1	1	8.993195830	9.077936768	800.698	4188.268	Procnias_averano-ML636101315.wav	1
3	Waveform 1	1	12.866289149	12.990141291	800.698	4865.782	Procnias_averano-ML636101315.wav	1
3	Spectrogram 1	1	12.866289149	12.990141291	800.698	4865.782	Procnias_averano-ML636101315.wav	1
4	Waveform 1	1	14.264514638	14.375329712	800.698	3880.307	Procnias_averano-ML636101315.wav	1
4	Spectrogram 1	1	14.264514638	14.375329712	800.698	3880.307	Procnias_averano-ML636101315.wav	1
5	Waveform 1	1	15.550904770	15.694312512	739.106	4681.006	Procnias_averano-ML636101315.wav	1
5	Spectrogram 1	1	15.550904770	15.694312512	739.106	4681.006	Procnias_averano-ML636101315.wav	1
6	Waveform 1	1	18.987121016	19.117491691	719.022	4633.696	Procnias_averano-ML636101315.wav	1
6	Spectrogram 1	1	18.987121016	19.117491691	719.022	4633.696	Procnias_averano-ML636101315.wav	1
7	Waveform 1	1	22.756053995	22.889683936	399.457	5512.500	Procnias_averano-ML636101315.wav	1
7	Spectrogram 1	1	22.756053995	22.889683936	399.457	5512.500	Procnias_averano-ML636101315.wav	1
8	Waveform 1	1	24.904452115	25.025044989	639.130	5033.152	Procnias_averano-ML636101315.wav	1
8	Spectrogram 1	1	24.904452115	25.025044989	639.130	5033.152	Procnias_averano-ML636101315.wav	1
9	Waveform 1	1	25.533490622	25.654083496	319.565	3914.674	Procnias_averano-ML636101315.wav	1
9	Spectrogram 1	1	25.533490622	25.654083496	319.565	3914.674	Procnias_averano-ML636101315.wav	1
10	Waveform 1	1	27.639925097	27.763777238	719.022	3914.674	Procnias_averano-ML636101315.wav	1
10	Spectrogram 1	1	27.639925097	27.763777238	719.022	3914.674	Procnias_averano-ML636101315.wav	1
11	Waveform 1	1	28.174444864	28.288519205	719.022	4234.239	Procnias_averano-ML636101315.wav	1
11	Spectrogram 1	1	28.174444864	28.288519205	719.022	4234.239	Procnias_averano-ML636101315.wav	1
12	Waveform 1	1	30.578901505	30.696235112	479.348	5033.152	Procnias_averano-ML636101315.wav	1
12	Spectrogram 1	1	30.578901505	30.696235112	479.348	5033.152	Procnias_averano-ML636101315.wav	1
13	Waveform 1	1	32.166705723	32.388335870	559.239	2476.630	Procnias_averano-ML636101315.wav	2
13	Spectrogram 1	1	32.166705723	32.388335870	559.239	2476.630	Procnias_averano-ML636101315.wav	2
14	Waveform 1	1	33.183596988	33.369375200	479.348	2876.087	Procnias_averano-ML636101315.wav	2
14	Spectrogram 1	1	33.183596988	33.369375200	479.348	2876.087	Procnias_averano-ML636101315.wav	2
15	Waveform 1	1	34.057080510	34.275451390	559.239	2955.978	Procnias_averano-ML636101315.wav	2
15	Spectrogram 1	1	34.057080510	34.275451390	559.239	2955.978	Procnias_averano-ML636101315.wav	2
16	Waveform 1	1	34.820562607	35.042192754	559.239	2796.196	Procnias_averano-ML636101315.wav	2
16	Spectrogram 1	1	34.820562607	35.042192754	559.239	2796.196	Procnias_averano-ML636101315.wav	2
17	Waveform 1	1	35.518045718	35.752712933	878.804	2876.087	Procnias_averano-ML636101315.wav	2
17	Spectrogram 1	1	35.518045718	35.752712933	878.804	2876.087	Procnias_averano-ML636101315.wav	2
18	Waveform 1	1	36.176417626	36.381751439	798.913	2796.196	Procnias_averano-ML636101315.wav	2
18	Spectrogram 1	1	36.176417626	36.381751439	798.913	2796.196	Procnias_averano-ML636101315.wav	2
19	Waveform 1	1	36.867382203	37.098790152	798.913	2716.304	Procnias_averano-ML636101315.wav	2
19	Spectrogram 1	1	36.867382203	37.098790152	798.913	2716.304	Procnias_averano-ML636101315.wav	2
20	Waveform 1	1	37.526564215	37.780787031	479.348	2636.413	Procnias_averano-ML636101315.wav	2
20	Spectrogram 1	1	37.526564215	37.780787031	479.348	2636.413	Procnias_averano-ML636101315.wav	2
21	Waveform 1	1	38.178417590	38.406566271	878.804	2556.522	Procnias_averano-ML636101315.wav	2
21	Spectrogram 1	1	38.178417590	38.406566271	878.804	2556.522	Procnias_averano-ML636101315.wav	2
22	Waveform 1	1	38.830270965	39.061678913	719.022	2636.413	Procnias_averano-ML636101315.wav	2
22	Spectrogram 1	1	38.830270965	39.061678913	719.022	2636.413	Procnias_averano-ML636101315.wav	2
23	Waveform 1	1	39.563606011	39.768939824	399.457	2955.978	Procnias_averano-ML636101315.wav	2
23	Spectrogram 1	1	39.563606011	39.768939824	399.457	2955.978	Procnias_averano-ML636101315.wav	2
24	Waveform 1	1	57.576887226	57.752887638	719.022	2876.087	Procnias_averano-ML636101315.wav	2
24	Spectrogram 1	1	57.576887226	57.752887638	719.022	2876.087	Procnias_averano-ML636101315.wav	2
25	Waveform 1	1	58.212444267	58.437333681	719.022	2556.522	Procnias_averano-ML636101315.wav	2
25	Spectrogram 1	1	58.212444267	58.437333681	719.022	2556.522	Procnias_averano-ML636101315.wav	2
26	Waveform 1	1	58.812149372	58.952297847	319.565	2556.522	Procnias_averano-ML636101315.wav	2
26	Spectrogram 1	1	58.812149372	58.952297847	319.565	2556.522	Procnias_averano-ML636101315.wav	2
27	Waveform 1	1	61.356890687	61.565483767	798.913	2796.196	Procnias_averano-ML636101315.wav	2
27	Spectrogram 1	1	61.356890687	61.565483767	798.913	2796.196	Procnias_averano-ML636101315.wav	2
28	Waveform 1	1	62.041336730	62.253189077	719.022	2556.522	Procnias_averano-ML636101315.wav	2
28	Spectrogram 1	1	62.041336730	62.253189077	719.022	2556.522	Procnias_averano-ML636101315.wav	2
29	Waveform 1	1	62.696449372	62.911560986	878.804	2556.522	Procnias_averano-ML636101315.wav	2
29	Spectrogram 1	1	62.696449372	62.911560986	878.804	2556.522	Procnias_averano-ML636101315.wav	2
30	Waveform 1	1	65.644181525	65.891885807	479.348	3275.543	Procnias_averano-ML636101315.wav	2
30	Spectrogram 1	1	65.644181525	65.891885807	479.348	3275.543	Procnias_averano-ML636101315.wav	2
31	Waveform 1	1	66.120034489	66.419887041	798.913	2955.978	Procnias_averano-ML636101315.wav	2
31	Spectrogram 1	1	66.120034489	66.419887041	798.913	2955.978	Procnias_averano-ML636101315.wav	2
32	Waveform 1	1	79.063381584	79.216567127	798.913	2876.087	Procnias_averano-ML636101315.wav	2
32	Spectrogram 1	1	79.063381584	79.216567127	798.913	2876.087	Procnias_averano-ML636101315.wav	2
33	Waveform 1	1	79.604419885	79.725012760	719.022	3035.870	Procnias_averano-ML636101315.wav	2
33	Spectrogram 1	1	79.604419885	79.725012760	719.022	3035.870	Procnias_averano-ML636101315.wav	2
34	Waveform 1	1	80.165013787	80.301902996	559.239	3675.000	Procnias_averano-ML636101315.wav	2
34	Spectrogram 1	1	80.165013787	80.301902996	559.239	3675.000	Procnias_averano-ML636101315.wav	2
35	Waveform 1	1	80.722348423	80.859237632	798.913	3355.435	Procnias_averano-ML636101315.wav	2
35	Spectrogram 1	1	80.722348423	80.859237632	798.913	3355.435	Procnias_averano-ML636101315.wav	2
36	Waveform 1	1	83.575296529	83.715445004	719.022	5113.043	Procnias_averano-ML636101315.wav	1
36	Spectrogram 1	1	83.575296529	83.715445004	719.022	5113.043	Procnias_averano-ML636101315.wav	1
37	Waveform 1	1	86.910476388	87.050624863	639.130	4953.261	Procnias_averano-ML636101315.wav	1
37	Spectrogram 1	1	86.910476388	87.050624863	639.130	4953.261	Procnias_averano-ML636101315.wav	1
38	Waveform 1	1	102.572471288	102.683286362	479.348	3834.783	Procnias_averano-ML636101315.wav	1
38	Spectrogram 1	1	102.572471288	102.683286362	479.348	3834.783	Procnias_averano-ML636101315.wav	1
39	Waveform 1	1	105.566987887	105.707136362	639.130	4473.913	Procnias_averano-ML636101315.wav	1
39	Spectrogram 1	1	105.566987887	105.707136362	639.130	4473.913	Procnias_averano-ML636101315.wav	1
40	Waveform 1	1	108.475064042	108.716249790	639.130	2876.087	Procnias_averano-ML636101315.wav	2
40	Spectrogram 1	1	108.475064042	108.716249790	639.130	2876.087	Procnias_averano-ML636101315.wav	2
41	Waveform 1	1	109.257288091	109.456103371	559.239	2716.304	Procnias_averano-ML636101315.wav	2
41	Spectrogram 1	1	109.257288091	109.456103371	559.239	2716.304	Procnias_averano-ML636101315.wav	2
42	Waveform 1	1	110.025320364	110.217617109	878.804	2876.087	Procnias_averano-ML636101315.wav	2
42	Spectrogram 1	1	110.025320364	110.217617109	878.804	2876.087	Procnias_averano-ML636101315.wav	2
43	Waveform 1	1	110.657618137	110.934655822	958.696	2796.196	Procnias_averano-ML636101315.wav	2
43	Spectrogram 1	1	110.657618137	110.934655822	958.696	2796.196	Procnias_averano-ML636101315.wav	2
44	Waveform 1	1	112.731189318	112.871337794	559.239	4314.130	Procnias_averano-ML636101315.wav	1
44	Spectrogram 1	1	112.731189318	112.871337794	559.239	4314.130	Procnias_averano-ML636101315.wav	1
45	Waveform 1	1	116.296350018	116.433239227	559.239	4713.587	Procnias_averano-ML636101315.wav	1
45	Spectrogram 1	1	116.296350018	116.433239227	559.239	4713.587	Procnias_averano-ML636101315.wav	1
46	Waveform 1	1	129.291712730	129.412305604	639.130	4793.478	Procnias_averano-ML636101315.wav	1
46	Spectrogram 1	1	129.291712730	129.412305604	639.130	4793.478	Procnias_averano-ML636101315.wav	1
47	Waveform 1	1	132.928304903	133.058675578	639.130	4633.696	Procnias_averano-ML636101315.wav	1
47	Spectrogram 1	1	132.928304903	133.058675578	639.130	4633.696	Procnias_averano-ML636101315.wav	1
48	Waveform 1	1	140.174414328	140.369970340	878.804	2796.196	Procnias_averano-ML636101315.wav	2
48	Spectrogram 1	1	140.174414328	140.369970340	878.804	2796.196	Procnias_averano-ML636101315.wav	2
49	Waveform 1	1	141.106564654	141.328194801	399.457	2955.978	Procnias_averano-ML636101315.wav	2
49	Spectrogram 1	1	141.106564654	141.328194801	399.457	2955.978	Procnias_averano-ML636101315.wav	2
50	Waveform 1	1	142.090863250	142.296197063	639.130	2876.087	Procnias_averano-ML636101315.wav	2
50	Spectrogram 1	1	142.090863250	142.296197063	639.130	2876.087	Procnias_averano-ML636101315.wav	2
51	Waveform 1	1	142.850677483	143.072307631	798.913	2796.196	Procnias_averano-ML636101315.wav	2
51	Spectrogram 1	1	142.850677483	143.072307631	798.913	2796.196	Procnias_averano-ML636101315.wav	2
52	Waveform 1	1	143.916988366	144.161433382	639.130	2716.304	Procnias_averano-ML636101315.wav	2
52	Spectrogram 1	1	143.916988366	144.161433382	639.130	2716.304	Procnias_averano-ML636101315.wav	2
53	Waveform 1	1	144.607952944	144.793731155	958.696	2796.196	Procnias_averano-ML636101315.wav	2
53	Spectrogram 1	1	144.607952944	144.793731155	958.696	2796.196	Procnias_averano-ML636101315.wav	2
54	Waveform 1	1	145.429288196	145.618325674	1038.587	2955.978	Procnias_averano-ML636101315.wav	2
54	Spectrogram 1	1	145.429288196	145.618325674	1038.587	2955.978	Procnias_averano-ML636101315.wav	2
55	Waveform 1	1	146.112579529	146.269024339	559.239	2796.196	Procnias_averano-ML636101315.wav	2
55	Spectrogram 1	1	146.112579529	146.269024339	559.239	2796.196	Procnias_averano-ML636101315.wav	2
56	Waveform 1	1	146.865470177	147.067544723	639.130	2876.087	Procnias_averano-ML636101315.wav	2
56	Spectrogram 1	1	146.865470177	147.067544723	639.130	2876.087	Procnias_averano-ML636101315.wav	2
57	Waveform 1	1	147.581493924	147.803124071	798.913	3035.870	Procnias_averano-ML636101315.wav	2
57	Spectrogram 1	1	147.581493924	147.803124071	798.913	3035.870	Procnias_averano-ML636101315.wav	2
58	Waveform 1	1	148.246384366	148.487570115	878.804	2716.304	Procnias_averano-ML636101315.wav	2
58	Spectrogram 1	1	148.246384366	148.487570115	878.804	2716.304	Procnias_averano-ML636101315.wav	2
59	Waveform 1	1	148.904756274	149.123127155	1038.587	2796.196	Procnias_averano-ML636101315.wav	2
59	Spectrogram 1	1	148.904756274	149.123127155	1038.587	2796.196	Procnias_averano-ML636101315.wav	2
60	Waveform 1	1	149.491424312	149.745647128	719.022	3115.761	Procnias_averano-ML636101315.wav	2
60	Spectrogram 1	1	149.491424312	149.745647128	719.022	3115.761	Procnias_averano-ML636101315.wav	2
61	Waveform 1	1	150.087120491	150.321787706	399.457	2955.978	Procnias_averano-ML636101315.wav	2
61	Spectrogram 1	1	150.087120491	150.321787706	399.457	2955.978	Procnias_averano-ML636101315.wav	2
62	Waveform 1	1	150.677047796	150.875863075	719.022	2716.304	Procnias_averano-ML636101315.wav	2
62	Spectrogram 1	1	150.677047796	150.875863075	719.022	2716.304	Procnias_averano-ML636101315.wav	2
63	Waveform 1	1	151.270234367	151.495123781	719.022	2955.978	Procnias_averano-ML636101315.wav	2
63	Spectrogram 1	1	151.270234367	151.495123781	719.022	2955.978	Procnias_averano-ML636101315.wav	2
64	Waveform 1	1	169.504747768	169.664451844	399.457	5113.043	Procnias_averano-ML636101315.wav	1
64	Spectrogram 1	1	169.504747768	169.664451844	399.457	5113.043	Procnias_averano-ML636101315.wav	1
65	Waveform 1	1	172.148809125	172.272661267	399.457	4553.804	Procnias_averano-ML636101315.wav	1
65	Spectrogram 1	1	172.148809125	172.272661267	399.457	4553.804	Procnias_averano-ML636101315.wav	1
66	Waveform 1	1	180.353394139	180.487024081	559.239	5911.957	Procnias_averano-ML636101315.wav	2
66	Spectrogram 1	1	180.353394139	180.487024081	559.239	5911.957	Procnias_averano-ML636101315.wav	2
67	Waveform 1	1	180.959617778	181.112803321	559.239	4953.261	Procnias_averano-ML636101315.wav	2
67	Spectrogram 1	1	180.959617778	181.112803321	559.239	4953.261	Procnias_averano-ML636101315.wav	2
68	Waveform 1	1	181.520211680	181.657100889	719.022	4953.261	Procnias_averano-ML636101315.wav	2
68	Spectrogram 1	1	181.520211680	181.657100889	719.022	4953.261	Procnias_averano-ML636101315.wav	2
69	Waveform 1	1	182.100361184	182.237250392	399.457	4154.348	Procnias_averano-ML636101315.wav	2
69	Spectrogram 1	1	182.100361184	182.237250392	399.457	4154.348	Procnias_averano-ML636101315.wav	2
70	Waveform 1	1	182.745696025	182.892363034	479.348	3834.783	Procnias_averano-ML636101315.wav	2
70	Spectrogram 1	1	182.745696025	182.892363034	479.348	3834.783	Procnias_averano-ML636101315.wav	2
71	Waveform 1	1	189.485184887	189.690518700	559.239	2955.978	Procnias_averano-ML636101315.wav	2
71	Spectrogram 1	1	189.485184887	189.690518700	559.239	2955.978	Procnias_averano-ML636101315.wav	2
72	Waveform 1	1	190.251112602	190.440150081	719.022	3115.761	Procnias_averano-ML636101315.wav	2
72	Spectrogram 1	1	190.251112602	190.440150081	719.022	3115.761	Procnias_averano-ML636101315.wav	2
73	Waveform 1	1	191.153929526	191.365781873	719.022	3115.761	Procnias_averano-ML636101315.wav	2
73	Spectrogram 1	1	191.153929526	191.365781873	719.022	3115.761	Procnias_averano-ML636101315.wav	2
74	Waveform 1	1	198.235222178	198.378629921	479.348	4394.022	Procnias_averano-ML636101315.wav	1
74	Spectrogram 1	1	198.235222178	198.378629921	479.348	4394.022	Procnias_averano-ML636101315.wav	1
75	Waveform 1	1	222.563205061	222.771798141	719.022	3115.761	Procnias_averano-ML636101315.wav	2
75	Spectrogram 1	1	222.563205061	222.771798141	719.022	3115.761	Procnias_averano-ML636101315.wav	2
76	Waveform 1	1	223.071650693	223.267206706	399.457	3115.761	Procnias_averano-ML636101315.wav	2
76	Spectrogram 1	1	223.071650693	223.267206706	399.457	3115.761	Procnias_averano-ML636101315.wav	2
77	Waveform 1	1	223.586614859	223.808245007	639.130	3355.435	Procnias_averano-ML636101315.wav	2
77	Spectrogram 1	1	223.586614859	223.808245007	639.130	3355.435	Procnias_averano-ML636101315.wav	2
