Selection	View	Channel	Begin Time (s)	End Time (s)	Low Freq (Hz)	High Freq (Hz)	Begin File	Tipo
1	Waveform 1	1	5.181569577	5.364032002	1060.825	4319.072	Procnias_averano-ML62837.wav	2
1	Spectrogram 1	1	5.181569577	5.364032002	1060.825	4319.072	Procnias_averano-ML62837.wav	2
2	Waveform 1	1	6.310029503	6.467227900	1022.938	4319.072	Procnias_averano-ML62837.wav	2
2	Spectrogram 1	1	6.310029503	6.467227900	1022.938	4319.072	Procnias_averano-ML62837.wav	2
3	Waveform 1	1	7.160585119	7.382347144	795.619	4660.052	Procnias_averano-ML62837.wav	2
3	Spectrogram 1	1	7.160585119	7.382347144	795.619	4660.052	Procnias_averano-ML62837.wav	2
4	Waveform 1	1	7.974438887	8.145672856	1022.938	4281.186	Procnias_averano-ML62837.wav	2
4	Spectrogram 1	1	7.974438887	8.145672856	1022.938	4281.186	Procnias_averano-ML62837.wav	2
5	Waveform 1	1	8.670603219	8.839030074	909.278	4243.299	Procnias_averano-ML62837.wav	2
5	Spectrogram 1	1	8.670603219	8.839030074	909.278	4243.299	Procnias_averano-ML62837.wav	2
6	Waveform 1	1	9.358346209	9.518351721	909.278	3978.093	Procnias_averano-ML62837.wav	2
6	Spectrogram 1	1	9.358346209	9.518351721	909.278	3978.093	Procnias_averano-ML62837.wav	2
7	Waveform 1	1	10.723082858	10.888702598	985.052	4281.186	Procnias_averano-ML62837.wav	2
7	Spectrogram 1	1	10.723082858	10.888702598	985.052	4281.186	Procnias_averano-ML62837.wav	2
8	Waveform 1	1	11.388368933	11.551181560	1060.825	4584.278	Procnias_averano-ML62837.wav	2
8	Spectrogram 1	1	11.388368933	11.551181560	1060.825	4584.278	Procnias_averano-ML62837.wav	2
9	Waveform 1	1	12.034005209	12.213660521	909.278	4356.959	Procnias_averano-ML62837.wav	2
9	Spectrogram 1	1	12.034005209	12.213660521	909.278	4356.959	Procnias_averano-ML62837.wav	2
10	Waveform 1	1	12.685255714	12.850875454	1060.825	4470.619	Procnias_averano-ML62837.wav	2
10	Spectrogram 1	1	12.685255714	12.850875454	1060.825	4470.619	Procnias_averano-ML62837.wav	2
11	Waveform 1	1	13.334035643	13.510883840	909.278	4015.979	Procnias_averano-ML62837.wav	2
11	Spectrogram 1	1	13.334035643	13.510883840	909.278	4015.979	Procnias_averano-ML62837.wav	2
12	Waveform 1	1	13.979671919	14.117220517	871.392	4015.979	Procnias_averano-ML62837.wav	2
12	Spectrogram 1	1	13.979671919	14.117220517	871.392	4015.979	Procnias_averano-ML62837.wav	2
13	Waveform 1	1	14.594429938	14.774085250	947.165	3826.546	Procnias_averano-ML62837.wav	2
13	Spectrogram 1	1	14.594429938	14.774085250	947.165	3826.546	Procnias_averano-ML62837.wav	2
14	Waveform 1	1	15.214200429	15.371398827	833.505	3637.113	Procnias_averano-ML62837.wav	2
14	Spectrogram 1	1	15.214200429	15.371398827	833.505	3637.113	Procnias_averano-ML62837.wav	2
15	Waveform 1	1	15.859836705	16.011420874	909.278	3712.887	Procnias_averano-ML62837.wav	2
15	Spectrogram 1	1	15.859836705	16.011420874	909.278	3712.887	Procnias_averano-ML62837.wav	2
16	Waveform 1	1	16.480208953	16.643021579	909.278	3750.773	Procnias_averano-ML62837.wav	2
16	Spectrogram 1	1	16.480208953	16.643021579	909.278	3750.773	Procnias_averano-ML62837.wav	2
17	Waveform 1	1	17.092159858	17.269008055	909.278	3599.227	Procnias_averano-ML62837.wav	2
17	Spectrogram 1	1	17.092159858	17.269008055	909.278	3599.227	Procnias_averano-ML62837.wav	2
18	Waveform 1	1	17.740687733	17.895079016	985.052	3712.887	Procnias_averano-ML62837.wav	2
18	Spectrogram 1	1	17.740687733	17.895079016	985.052	3712.887	Procnias_averano-ML62837.wav	2
19	Waveform 1	1	25.680207758	25.800913670	568.299	4963.144	Procnias_averano-ML62837.wav	1
19	Spectrogram 1	1	25.680207758	25.800913670	568.299	4963.144	Procnias_averano-ML62837.wav	1
20	Waveform 1	1	31.292836742	31.416349768	719.845	4811.598	Procnias_averano-ML62837.wav	1
20	Spectrogram 1	1	31.292836742	31.416349768	719.845	4811.598	Procnias_averano-ML62837.wav	1
21	Waveform 1	1	33.529212088	33.680796257	757.732	4849.485	Procnias_averano-ML62837.wav	1
21	Spectrogram 1	1	33.529212088	33.680796257	757.732	4849.485	Procnias_averano-ML62837.wav	1
22	Waveform 1	1	39.520940039	39.880250662	871.392	2614.175	Procnias_averano-ML62837.wav	3a
22	Spectrogram 1	1	39.520940039	39.880250662	871.392	2614.175	Procnias_averano-ML62837.wav	3a
23	Waveform 1	1	39.888672005	40.233947057	757.732	2462.629	Procnias_averano-ML62837.wav	3b
23	Spectrogram 1	1	39.888672005	40.233947057	757.732	2462.629	Procnias_averano-ML62837.wav	3b
24	Waveform 1	1	40.671856879	41.048010187	871.392	2803.608	Procnias_averano-ML62837.wav	3a
24	Spectrogram 1	1	40.671856879	41.048010187	871.392	2803.608	Procnias_averano-ML62837.wav	3a
25	Waveform 1	1	41.081695558	41.435391953	833.505	3106.701	Procnias_averano-ML62837.wav	3b
25	Spectrogram 1	1	41.081695558	41.435391953	833.505	3106.701	Procnias_averano-ML62837.wav	3b
26	Waveform 1	1	41.827099049	42.192023901	757.732	2652.062	Procnias_averano-ML62837.wav	3a
26	Spectrogram 1	1	41.827099049	42.192023901	757.732	2652.062	Procnias_averano-ML62837.wav	3a
27	Waveform 1	1	42.220095043	42.585019895	719.845	2955.155	Procnias_averano-ML62837.wav	3b
27	Spectrogram 1	1	42.220095043	42.585019895	719.845	2955.155	Procnias_averano-ML62837.wav	3b
28	Waveform 1	1	42.994858575	43.348554969	606.186	2614.175	Procnias_averano-ML62837.wav	3a
28	Spectrogram 1	1	42.994858575	43.348554969	606.186	2614.175	Procnias_averano-ML62837.wav	3a
29	Waveform 1	1	43.373818998	43.741550964	947.165	2879.381	Procnias_averano-ML62837.wav	3b
29	Spectrogram 1	1	43.373818998	43.741550964	947.165	2879.381	Procnias_averano-ML62837.wav	3b
30	Waveform 1	1	44.124245429	44.494784509	949.522	3059.569	Procnias_averano-ML62837.wav	3a
30	Spectrogram 1	1	44.124245429	44.494784509	949.522	3059.569	Procnias_averano-ML62837.wav	3a
31	Waveform 1	1	44.517241423	44.859709361	685.766	2901.316	Procnias_averano-ML62837.wav	3b
31	Spectrogram 1	1	44.517241423	44.859709361	685.766	2901.316	Procnias_averano-ML62837.wav	3b
32	Waveform 1	1	45.266740926	45.603594635	791.268	3112.321	Procnias_averano-ML62837.wav	3a
32	Spectrogram 1	1	45.266740926	45.603594635	791.268	3112.321	Procnias_averano-ML62837.wav	3a
33	Waveform 1	1	45.648508463	45.974133716	633.014	2901.316	Procnias_averano-ML62837.wav	3b
33	Spectrogram 1	1	45.648508463	45.974133716	633.014	2901.316	Procnias_averano-ML62837.wav	3b
34	Waveform 1	1	46.385782661	46.750707513	633.014	2795.813	Procnias_averano-ML62837.wav	3a
34	Spectrogram 1	1	46.385782661	46.750707513	633.014	2795.813	Procnias_averano-ML62837.wav	3a
35	Waveform 1	1	46.778778655	47.118439479	685.766	2321.053	Procnias_averano-ML62837.wav	3b
35	Spectrogram 1	1	46.778778655	47.118439479	685.766	2321.053	Procnias_averano-ML62837.wav	3b
36	Waveform 1	1	47.550735073	47.896010125	844.019	2848.565	Procnias_averano-ML62837.wav	3a
36	Spectrogram 1	1	47.550735073	47.896010125	844.019	2848.565	Procnias_averano-ML62837.wav	3a
37	Waveform 1	1	47.946538181	48.283391890	791.268	2479.306	Procnias_averano-ML62837.wav	3b
37	Spectrogram 1	1	47.946538181	48.283391890	791.268	2479.306	Procnias_averano-ML62837.wav	3b
38	Waveform 1	1	48.667363886	49.040710080	787.500	2572.500	Procnias_averano-ML62837.wav	3a
38	Spectrogram 1	1	48.667363886	49.040710080	787.500	2572.500	Procnias_averano-ML62837.wav	3a
39	Waveform 1	1	49.065974108	49.411249160	682.500	2520.000	Procnias_averano-ML62837.wav	3b
39	Spectrogram 1	1	49.065974108	49.411249160	682.500	2520.000	Procnias_averano-ML62837.wav	3b
40	Waveform 1	1	49.807052269	50.188819806	840.000	2782.500	Procnias_averano-ML62837.wav	3a
40	Spectrogram 1	1	49.807052269	50.188819806	840.000	2782.500	Procnias_averano-ML62837.wav	3a
41	Waveform 1	1	50.214083834	50.545323315	840.000	2730.000	Procnias_averano-ML62837.wav	3b
41	Spectrogram 1	1	50.214083834	50.545323315	840.000	2730.000	Procnias_averano-ML62837.wav	3b
42	Waveform 1	1	52.456956747	52.805038913	840.000	2205.000	Procnias_averano-ML62837.wav	3b
42	Spectrogram 1	1	52.456956747	52.805038913	840.000	2205.000	Procnias_averano-ML62837.wav	3b
43	Waveform 1	1	53.231720278	53.574188216	945.000	2625.000	Procnias_averano-ML62837.wav	3a
43	Spectrogram 1	1	53.231720278	53.574188216	945.000	2625.000	Procnias_averano-ML62837.wav	3a
44	Waveform 1	1	53.624716273	53.947534411	997.500	2625.000	Procnias_averano-ML62837.wav	3b
44	Spectrogram 1	1	53.624716273	53.947534411	997.500	2625.000	Procnias_averano-ML62837.wav	3b
45	Waveform 1	1	54.378935298	54.760702836	682.500	2520.000	Procnias_averano-ML62837.wav	3a
45	Spectrogram 1	1	54.378935298	54.760702836	682.500	2520.000	Procnias_averano-ML62837.wav	3a
46	Waveform 1	1	54.791581092	55.136856144	892.500	2625.000	Procnias_averano-ML62837.wav	3b
46	Spectrogram 1	1	54.791581092	55.136856144	892.500	2625.000	Procnias_averano-ML62837.wav	3b
