Selection	View	Channel	Begin Time (s)	End Time (s)	Low Freq (Hz)	High Freq (Hz)	Begin File	Tipo
1	Waveform 1	1	23.069322143	23.195642284	679.265	5643.128	Procnias_averano-ML619001946.wav	1
1	Spectrogram 1	1	23.069322143	23.195642284	679.265	5643.128	Procnias_averano-ML619001946.wav	1
2	Waveform 1	1	3.621606507	3.790325516	731.517	2873.815	Procnias_averano-ML619001946.wav	2
2	Spectrogram 1	1	3.621606507	3.790325516	731.517	2873.815	Procnias_averano-ML619001946.wav	2
3	Waveform 1	1	4.841651086	5.036174179	783.768	2769.313	Procnias_averano-ML619001946.wav	2
3	Spectrogram 1	1	4.841651086	5.036174179	783.768	2769.313	Procnias_averano-ML619001946.wav	2
4	Waveform 1	1	6.085209708	6.273778012	836.019	2769.313	Procnias_averano-ML619001946.wav	2
4	Spectrogram 1	1	6.085209708	6.273778012	836.019	2769.313	Procnias_averano-ML619001946.wav	2
5	Waveform 1	1	6.664809127	6.859332220	783.768	2664.810	Procnias_averano-ML619001946.wav	2
5	Spectrogram 1	1	6.664809127	6.859332220	783.768	2664.810	Procnias_averano-ML619001946.wav	2
6	Waveform 1	1	10.567397787	10.676568910	627.014	5538.626	Procnias_averano-ML619001946.wav	1
6	Spectrogram 1	1	10.567397787	10.676568910	627.014	5538.626	Procnias_averano-ML619001946.wav	1
7	Waveform 1	1	18.604837333	18.710038597	627.014	5799.882	Procnias_averano-ML619001946.wav	1
7	Spectrogram 1	1	18.604837333	18.710038597	627.014	5799.882	Procnias_averano-ML619001946.wav	1
8	Waveform 1	1	2.894660334	3.132851876	992.773	2926.066	Procnias_averano-ML619001946.wav	2
8	Spectrogram 1	1	2.894660334	3.132851876	992.773	2926.066	Procnias_averano-ML619001946.wav	2
9	Waveform 1	1	4.117376917	4.315869868	888.270	2978.318	Procnias_averano-ML619001946.wav	2
9	Spectrogram 1	1	4.117376917	4.315869868	888.270	2978.318	Procnias_averano-ML619001946.wav	2
