Selection	View	Channel	Begin Time (s)	End Time (s)	Low Freq (Hz)	High Freq (Hz)	Begin File	Tipo	Occupancy
1	Waveform 1	1	2.530963719	2.583208617	1000.000	3000.000	Procnias_averano-XC214715.wav	2	0.7778
1	Spectrogram 1	1	2.530963719	2.583208617	1000.000	3000.000	Procnias_averano-XC214715.wav	2	0.7778
2	Waveform 1	1	3.099852608	3.152097506	1000.000	3000.000	Procnias_averano-XC214715.wav	2	0.8889
2	Spectrogram 1	1	3.099852608	3.152097506	1000.000	3000.000	Procnias_averano-XC214715.wav	2	0.8889
4	Waveform 1	1	5.230283447	5.299943311	1000.000	3000.000	Procnias_averano-XC214715.wav	2	0.8333
4	Spectrogram 1	1	5.230283447	5.299943311	1000.000	3000.000	Procnias_averano-XC214715.wav	2	0.8333
5	Waveform 1	1	5.770147392	5.793367347	1000.000	3000.000	Procnias_averano-XC214715.wav	2	1.0000
5	Spectrogram 1	1	5.770147392	5.793367347	1000.000	3000.000	Procnias_averano-XC214715.wav	2	1.0000
7	Waveform 1	1	6.844070295	6.925340136	1000.000	3000.000	Procnias_averano-XC214715.wav	2	1.0000
7	Spectrogram 1	1	6.844070295	6.925340136	1000.000	3000.000	Procnias_averano-XC214715.wav	2	1.0000
9	Waveform 1	1	7.894773243	8.010873016	1000.000	3000.000	Procnias_averano-XC214715.wav	2	0.8000
9	Spectrogram 1	1	7.894773243	8.010873016	1000.000	3000.000	Procnias_averano-XC214715.wav	2	0.8000
10	Waveform 1	1	8.446247166	8.515907029	1000.000	3000.000	Procnias_averano-XC214715.wav	2	0.8333
10	Spectrogram 1	1	8.446247166	8.515907029	1000.000	3000.000	Procnias_averano-XC214715.wav	2	0.8333
11	Waveform 1	1	8.968696145	9.020941043	1000.000	3000.000	Procnias_averano-XC214715.wav	2	0.7778
11	Spectrogram 1	1	8.968696145	9.020941043	1000.000	3000.000	Procnias_averano-XC214715.wav	2	0.7778
12	Waveform 1	1	9.496950113	9.531780045	1000.000	3000.000	Procnias_averano-XC214715.wav	2	1.0000
12	Spectrogram 1	1	9.496950113	9.531780045	1000.000	3000.000	Procnias_averano-XC214715.wav	2	1.0000
