Selection	View	Channel	Begin Time (s)	End Time (s)	Low Freq (Hz)	High Freq (Hz)	Begin File	Tipo
1	Waveform 1	1	3.947216295	4.119957440	764.740	2676.590	Procnias_averano-ML639608320.wav	2
1	Spectrogram 1	1	3.947216295	4.119957440	764.740	2676.590	Procnias_averano-ML639608320.wav	2
2	Waveform 1	1	5.824554015	5.951665423	955.925	2612.861	Procnias_averano-ML639608320.wav	2
2	Spectrogram 1	1	5.824554015	5.951665423	955.925	2612.861	Procnias_averano-ML639608320.wav	2
3	Waveform 1	1	6.618539002	6.761946744	764.740	2676.590	Procnias_averano-ML639608320.wav	2
3	Spectrogram 1	1	6.618539002	6.761946744	764.740	2676.590	Procnias_averano-ML639608320.wav	2
4	Waveform 1	1	7.374688916	7.531133726	955.925	2549.133	Procnias_averano-ML639608320.wav	2
4	Spectrogram 1	1	7.374688916	7.531133726	955.925	2549.133	Procnias_averano-ML639608320.wav	2
5	Waveform 1	1	8.098246162	8.231876104	1083.382	2676.590	Procnias_averano-ML639608320.wav	2
5	Spectrogram 1	1	8.098246162	8.231876104	1083.382	2676.590	Procnias_averano-ML639608320.wav	2
6	Waveform 1	1	8.800940726	8.941089202	1083.382	2612.861	Procnias_averano-ML639608320.wav	2
6	Spectrogram 1	1	8.800940726	8.941089202	1083.382	2612.861	Procnias_averano-ML639608320.wav	2
7	Waveform 1	1	13.298754608	13.442162350	892.197	2740.318	Procnias_averano-ML639608320.wav	2
7	Spectrogram 1	1	13.298754608	13.442162350	892.197	2740.318	Procnias_averano-ML639608320.wav	2
8	Waveform 1	1	13.888681912	14.002756252	1019.653	2867.775	Procnias_averano-ML639608320.wav	2
8	Spectrogram 1	1	13.888681912	14.002756252	1019.653	2867.775	Procnias_averano-ML639608320.wav	2
9	Waveform 1	1	14.455794348	14.576387222	828.468	2676.590	Procnias_averano-ML639608320.wav	2
9	Spectrogram 1	1	14.455794348	14.576387222	828.468	2676.590	Procnias_averano-ML639608320.wav	2
10	Waveform 1	1	15.583714384	15.723862860	1083.382	2549.133	Procnias_averano-ML639608320.wav	2
10	Spectrogram 1	1	15.583714384	15.723862860	1083.382	2549.133	Procnias_averano-ML639608320.wav	2
11	Waveform 1	1	16.137789753	16.297493830	955.925	2549.133	Procnias_averano-ML639608320.wav	2
11	Spectrogram 1	1	16.137789753	16.297493830	955.925	2549.133	Procnias_averano-ML639608320.wav	2
12	Waveform 1	1	16.675568787	16.861346999	701.012	2676.590	Procnias_averano-ML639608320.wav	2
12	Spectrogram 1	1	16.675568787	16.861346999	701.012	2676.590	Procnias_averano-ML639608320.wav	2
13	Waveform 1	1	17.219866355	17.366533364	1083.382	2485.405	Procnias_averano-ML639608320.wav	2
13	Spectrogram 1	1	17.219866355	17.366533364	1083.382	2485.405	Procnias_averano-ML639608320.wav	2
14	Waveform 1	1	18.821622332	19.053030280	892.197	2804.046	Procnias_averano-ML639608320.wav	2
14	Spectrogram 1	1	18.821622332	19.053030280	892.197	2804.046	Procnias_averano-ML639608320.wav	2
15	Waveform 1	1	19.385475502	19.509327643	1147.110	2804.046	Procnias_averano-ML639608320.wav	2
15	Spectrogram 1	1	19.385475502	19.509327643	1147.110	2804.046	Procnias_averano-ML639608320.wav	2
16	Waveform 1	1	19.923254536	20.086217879	955.925	2612.861	Procnias_averano-ML639608320.wav	2
16	Spectrogram 1	1	19.923254536	20.086217879	955.925	2612.861	Procnias_averano-ML639608320.wav	2
17	Waveform 1	1	21.530813190	21.719850669	764.740	2549.133	Procnias_averano-ML639608320.wav	2
17	Spectrogram 1	1	21.530813190	21.719850669	764.740	2549.133	Procnias_averano-ML639608320.wav	2
18	Waveform 1	1	22.078370025	22.244592636	955.925	2676.590	Procnias_averano-ML639608320.wav	2
18	Spectrogram 1	1	22.078370025	22.244592636	955.925	2676.590	Procnias_averano-ML639608320.wav	2
19	Waveform 1	1	22.609630525	22.736741934	892.197	2676.590	Procnias_averano-ML639608320.wav	2
19	Spectrogram 1	1	22.609630525	22.736741934	892.197	2676.590	Procnias_averano-ML639608320.wav	2
20	Waveform 1	1	23.135705707	23.344298787	892.197	2612.861	Procnias_averano-ML639608320.wav	2
20	Spectrogram 1	1	23.135705707	23.344298787	892.197	2612.861	Procnias_averano-ML639608320.wav	2
21	Waveform 1	1	23.653929140	23.895114888	1019.653	2804.046	Procnias_averano-ML639608320.wav	2
21	Spectrogram 1	1	23.653929140	23.895114888	1019.653	2804.046	Procnias_averano-ML639608320.wav	2
22	Waveform 1	1	24.201485974	24.390523453	1019.653	2867.775	Procnias_averano-ML639608320.wav	2
22	Spectrogram 1	1	24.201485974	24.390523453	1019.653	2867.775	Procnias_averano-ML639608320.wav	2
23	Waveform 1	1	24.739265009	25.026080494	1019.653	2676.590	Procnias_averano-ML639608320.wav	2
23	Spectrogram 1	1	24.739265009	25.026080494	1019.653	2676.590	Procnias_averano-ML639608320.wav	2
24	Waveform 1	1	25.820376579	26.022451125	1083.382	2676.590	Procnias_averano-ML639608320.wav	2
24	Spectrogram 1	1	25.820376579	26.022451125	1083.382	2676.590	Procnias_averano-ML639608320.wav	2
25	Waveform 1	1	26.354896347	26.602600629	1083.382	2740.318	Procnias_averano-ML639608320.wav	2
25	Spectrogram 1	1	26.354896347	26.602600629	1083.382	2740.318	Procnias_averano-ML639608320.wav	2
26	Waveform 1	1	26.850304911	27.130601863	1019.653	2867.775	Procnias_averano-ML639608320.wav	2
26	Spectrogram 1	1	26.850304911	27.130601863	1019.653	2867.775	Procnias_averano-ML639608320.wav	2
27	Waveform 1	1	27.358750544	27.622751161	1019.653	2804.046	Procnias_averano-ML639608320.wav	2
27	Spectrogram 1	1	27.358750544	27.622751161	1019.653	2804.046	Procnias_averano-ML639608320.wav	2
28	Waveform 1	1	27.908476735	28.130106883	701.012	2612.861	Procnias_averano-ML639608320.wav	2
28	Spectrogram 1	1	27.908476735	28.130106883	701.012	2612.861	Procnias_averano-ML639608320.wav	2
29	Waveform 1	1	28.462552104	28.609219113	1019.653	2485.405	Procnias_averano-ML639608320.wav	2
29	Spectrogram 1	1	28.462552104	28.609219113	1019.653	2485.405	Procnias_averano-ML639608320.wav	2
30	Waveform 1	1	28.986267675	29.139453218	1083.382	2612.861	Procnias_averano-ML639608320.wav	2
30	Spectrogram 1	1	28.986267675	29.139453218	1083.382	2612.861	Procnias_averano-ML639608320.wav	2
31	Waveform 1	1	29.533824510	29.693528587	1083.382	2612.861	Procnias_averano-ML639608320.wav	2
31	Spectrogram 1	1	29.533824510	29.693528587	1083.382	2612.861	Procnias_averano-ML639608320.wav	2
