Selection	View	Channel	Begin Time (s)	End Time (s)	Low Freq (Hz)	High Freq (Hz)	Begin File	Tipo
1	Waveform 1	1	0.290074752	0.440001028	1083.382	3186.416	Procnias_averano-ML649075351.wav	2
1	Spectrogram 1	1	0.290074752	0.440001028	1083.382	3186.416	Procnias_averano-ML649075351.wav	2
2	Waveform 1	1	0.863705722	0.987557863	955.925	1975.578	Procnias_averano-ML649075351.wav	2
2	Spectrogram 1	1	0.863705722	0.987557863	955.925	1975.578	Procnias_averano-ML649075351.wav	2
3	Waveform 1	1	1.437336691	1.580744434	955.925	2995.231	Procnias_averano-ML649075351.wav	2
3	Spectrogram 1	1	1.437336691	1.580744434	955.925	2995.231	Procnias_averano-ML649075351.wav	2
4	Waveform 1	1	2.027263996	2.164153204	892.197	2931.503	Procnias_averano-ML649075351.wav	2
4	Spectrogram 1	1	2.027263996	2.164153204	892.197	2931.503	Procnias_averano-ML649075351.wav	2
5	Waveform 1	1	3.202090668	3.345498411	573.555	3505.058	Procnias_averano-ML649075351.wav	2
5	Spectrogram 1	1	3.202090668	3.345498411	573.555	3505.058	Procnias_averano-ML649075351.wav	2
6	Waveform 1	1	3.778980905	3.964759117	1083.382	3313.873	Procnias_averano-ML649075351.wav	2
6	Spectrogram 1	1	3.778980905	3.964759117	1083.382	3313.873	Procnias_averano-ML649075351.wav	2
7	Waveform 1	1	4.355871142	4.522093752	892.197	3377.601	Procnias_averano-ML649075351.wav	2
7	Spectrogram 1	1	4.355871142	4.522093752	892.197	3377.601	Procnias_averano-ML649075351.wav	2
8	Waveform 1	1	4.967047596	5.116973872	955.925	3313.873	Procnias_averano-ML649075351.wav	2
8	Spectrogram 1	1	4.967047596	5.116973872	955.925	3313.873	Procnias_averano-ML649075351.wav	2
9	Waveform 1	1	5.583049035	5.788382849	892.197	3441.329	Procnias_averano-ML649075351.wav	2
9	Spectrogram 1	1	5.583049035	5.788382849	892.197	3441.329	Procnias_averano-ML649075351.wav	2
10	Waveform 1	1	6.225124610	6.414162088	892.197	3441.329	Procnias_averano-ML649075351.wav	2
10	Spectrogram 1	1	6.225124610	6.414162088	892.197	3441.329	Procnias_averano-ML649075351.wav	2
