Selection	View	Channel	Begin Time (s)	End Time (s)	Low Freq (Hz)	High Freq (Hz)	Begin File	Tipo
1	Waveform 1	1	22.204238949	22.327751976	1031.897	4073.276	Procnias_averano-ML88659401.wav	1
1	Spectrogram 1	1	22.204238949	22.327751976	1031.897	4073.276	Procnias_averano-ML88659401.wav	1
2	Waveform 1	1	5.742144994	5.882500706	977.586	5050.862	Procnias_averano-ML88659401.wav	1
2	Spectrogram 1	1	5.742144994	5.882500706	977.586	5050.862	Procnias_averano-ML88659401.wav	1
3	Waveform 1	1	9.488899430	9.626448028	923.276	5105.172	Procnias_averano-ML88659401.wav	1
3	Spectrogram 1	1	9.488899430	9.626448028	923.276	5105.172	Procnias_averano-ML88659401.wav	1
4	Waveform 1	1	8.736592813	8.851684497	814.655	4507.759	Procnias_averano-ML88659401.wav	1
4	Spectrogram 1	1	8.736592813	8.851684497	814.655	4507.759	Procnias_averano-ML88659401.wav	1
5	Waveform 1	1	12.098773077	12.284042617	760.345	4127.586	Procnias_averano-ML88659401.wav	1
5	Spectrogram 1	1	12.098773077	12.284042617	760.345	4127.586	Procnias_averano-ML88659401.wav	1
6	Waveform 1	1	14.845429982	15.002628380	923.276	4236.207	Procnias_averano-ML88659401.wav	1
6	Spectrogram 1	1	14.845429982	15.002628380	923.276	4236.207	Procnias_averano-ML88659401.wav	1
7	Waveform 1	1	17.991537107	18.089786105	651.724	4399.138	Procnias_averano-ML88659401.wav	1
7	Spectrogram 1	1	17.991537107	18.089786105	651.724	4399.138	Procnias_averano-ML88659401.wav	1
8	Waveform 1	1	18.614716469	18.752265067	868.966	4236.207	Procnias_averano-ML88659401.wav	1
8	Spectrogram 1	1	18.614716469	18.752265067	868.966	4236.207	Procnias_averano-ML88659401.wav	1
9	Waveform 1	1	24.870480699	25.013643525	814.655	4181.897	Procnias_averano-ML88659401.wav	1
9	Spectrogram 1	1	24.870480699	25.013643525	814.655	4181.897	Procnias_averano-ML88659401.wav	1
