Selection	View	Channel	Begin Time (s)	End Time (s)	Low Freq (Hz)	High Freq (Hz)	Begin File	Tipo
1	Waveform 1	1	0.808298185	0.909335458	382.370	5225.723	Procnias_averano-ML630494574.wav	1
1	Spectrogram 1	1	0.808298185	0.909335458	382.370	5225.723	Procnias_averano-ML630494574.wav	1
2	Waveform 1	1	3.475058948	3.585874021	509.827	3887.428	Procnias_averano-ML630494574.wav	2
2	Spectrogram 1	1	3.475058948	3.585874021	509.827	3887.428	Procnias_averano-ML630494574.wav	2
3	Waveform 1	1	4.521283614	4.641876489	764.740	3823.699	Procnias_averano-ML630494574.wav	2
3	Spectrogram 1	1	4.521283614	4.641876489	764.740	3823.699	Procnias_averano-ML630494574.wav	2
4	Waveform 1	1	5.546459854	5.634460059	637.283	4524.711	Procnias_averano-ML630494574.wav	2
4	Spectrogram 1	1	5.546459854	5.634460059	637.283	4524.711	Procnias_averano-ML630494574.wav	2
5	Waveform 1	1	6.494906514	6.566610385	764.740	3759.971	Procnias_averano-ML630494574.wav	2
5	Spectrogram 1	1	6.494906514	6.566610385	764.740	3759.971	Procnias_averano-ML630494574.wav	2
6	Waveform 1	1	7.365130769	7.462908775	764.740	3951.156	Procnias_averano-ML630494574.wav	2
6	Spectrogram 1	1	7.365130769	7.462908775	764.740	3951.156	Procnias_averano-ML630494574.wav	2
7	Waveform 1	1	8.184361897	8.265843569	764.740	4078.613	Procnias_averano-ML630494574.wav	2
7	Spectrogram 1	1	8.184361897	8.265843569	764.740	4078.613	Procnias_averano-ML630494574.wav	2
8	Waveform 1	1	9.025252750	9.093697355	892.197	4524.711	Procnias_averano-ML630494574.wav	2
8	Spectrogram 1	1	9.025252750	9.093697355	892.197	4524.711	Procnias_averano-ML630494574.wav	2
9	Waveform 1	1	9.836810202	9.944366009	892.197	4588.439	Procnias_averano-ML630494574.wav	2
9	Spectrogram 1	1	9.836810202	9.944366009	892.197	4588.439	Procnias_averano-ML630494574.wav	2
10	Waveform 1	1	10.586646419	10.717017094	764.740	4524.711	Procnias_averano-ML630494574.wav	2
10	Spectrogram 1	1	10.586646419	10.717017094	764.740	4524.711	Procnias_averano-ML630494574.wav	2
11	Waveform 1	1	11.333018533	11.447092873	892.197	4333.526	Procnias_averano-ML630494574.wav	2
11	Spectrogram 1	1	11.333018533	11.447092873	892.197	4333.526	Procnias_averano-ML630494574.wav	2
12	Waveform 1	1	12.084416355	12.218046297	509.827	4460.983	Procnias_averano-ML630494574.wav	2
12	Spectrogram 1	1	12.084416355	12.218046297	509.827	4460.983	Procnias_averano-ML630494574.wav	2
13	Waveform 1	1	12.746047530	12.843825536	828.468	4142.341	Procnias_averano-ML630494574.wav	2
13	Spectrogram 1	1	12.746047530	12.843825536	828.468	4142.341	Procnias_averano-ML630494574.wav	2
14	Waveform 1	1	13.368567503	13.469604776	573.555	4269.798	Procnias_averano-ML630494574.wav	2
14	Spectrogram 1	1	13.368567503	13.469604776	573.555	4269.798	Procnias_averano-ML630494574.wav	2
15	Waveform 1	1	13.992446512	14.106520852	828.468	4142.341	Procnias_averano-ML630494574.wav	2
15	Spectrogram 1	1	13.992446512	14.106520852	828.468	4142.341	Procnias_averano-ML630494574.wav	2
16	Waveform 1	1	14.611707218	14.742077893	446.098	4269.798	Procnias_averano-ML630494574.wav	2
16	Spectrogram 1	1	14.611707218	14.742077893	446.098	4269.798	Procnias_averano-ML630494574.wav	2
17	Waveform 1	1	15.237486458	15.377634933	637.283	4843.353	Procnias_averano-ML630494574.wav	2
17	Spectrogram 1	1	15.237486458	15.377634933	637.283	4843.353	Procnias_averano-ML630494574.wav	2
18	Waveform 1	1	15.846969363	15.944747369	637.283	4843.353	Procnias_averano-ML630494574.wav	2
18	Spectrogram 1	1	15.846969363	15.944747369	637.283	4843.353	Procnias_averano-ML630494574.wav	2
19	Waveform 1	1	16.431057651	16.522317124	764.740	4397.254	Procnias_averano-ML630494574.wav	2
19	Spectrogram 1	1	16.431057651	16.522317124	764.740	4397.254	Procnias_averano-ML630494574.wav	2
20	Waveform 1	1	17.017725689	17.135059296	1019.653	3951.156	Procnias_averano-ML630494574.wav	2
20	Spectrogram 1	1	17.017725689	17.135059296	1019.653	3951.156	Procnias_averano-ML630494574.wav	2
21	Waveform 1	1	17.584838125	17.695653199	955.925	4588.439	Procnias_averano-ML630494574.wav	2
21	Spectrogram 1	1	17.584838125	17.695653199	955.925	4588.439	Procnias_averano-ML630494574.wav	2
22	Waveform 1	1	28.668522754	28.776078561	701.012	4269.798	Procnias_averano-ML630494574.wav	2
22	Spectrogram 1	1	28.668522754	28.776078561	701.012	4269.798	Procnias_averano-ML630494574.wav	2
23	Waveform 1	1	29.193264721	29.330153930	764.740	4014.884	Procnias_averano-ML630494574.wav	2
23	Spectrogram 1	1	29.193264721	29.330153930	764.740	4014.884	Procnias_averano-ML630494574.wav	2
24	Waveform 1	1	29.683581625	29.813952300	764.740	3505.058	Procnias_averano-ML630494574.wav	2
24	Spectrogram 1	1	29.683581625	29.813952300	764.740	3505.058	Procnias_averano-ML630494574.wav	2
25	Waveform 1	1	30.195286524	30.332175733	509.827	3951.156	Procnias_averano-ML630494574.wav	2
25	Spectrogram 1	1	30.195286524	30.332175733	509.827	3951.156	Procnias_averano-ML630494574.wav	2
