Selection	View	Channel	Begin Time (s)	End Time (s)	Low Freq (Hz)	High Freq (Hz)	Begin File	Tipo
1	Waveform 1	1	4.148817304	4.259632377	764.740	3505.058	Procnias_averano-ML647982276.wav	1
1	Spectrogram 1	1	4.148817304	4.259632377	764.740	3505.058	Procnias_averano-ML647982276.wav	1
2	Waveform 1	1	9.224543432	9.315802905	828.468	4269.798	Procnias_averano-ML647982276.wav	1
2	Spectrogram 1	1	9.224543432	9.315802905	828.468	4269.798	Procnias_averano-ML647982276.wav	1
3	Waveform 1	1	17.824065675	17.925102948	509.827	4206.069	Procnias_averano-ML647982276.wav	1
3	Spectrogram 1	1	17.824065675	17.925102948	509.827	4206.069	Procnias_averano-ML647982276.wav	1
4	Waveform 1	1	10.172399253	10.416844269	955.925	1529.480	Procnias_averano-ML647982276.wav	2
4	Spectrogram 1	1	10.172399253	10.416844269	955.925	1529.480	Procnias_averano-ML647982276.wav	2
5	Waveform 1	1	10.736252422	10.980697438	1083.382	1911.850	Procnias_averano-ML647982276.wav	2
5	Spectrogram 1	1	10.736252422	10.980697438	1083.382	1911.850	Procnias_averano-ML647982276.wav	2
6	Waveform 1	1	11.300105592	11.534772807	764.740	2039.306	Procnias_averano-ML647982276.wav	2
6	Spectrogram 1	1	11.300105592	11.534772807	764.740	2039.306	Procnias_averano-ML647982276.wav	2
7	Waveform 1	1	11.863958761	12.082329641	1019.653	1784.393	Procnias_averano-ML647982276.wav	2
7	Spectrogram 1	1	11.863958761	12.082329641	1019.653	1784.393	Procnias_averano-ML647982276.wav	2
8	Waveform 1	1	12.407587056	12.648772805	892.197	2103.035	Procnias_averano-ML647982276.wav	2
8	Spectrogram 1	1	12.407587056	12.648772805	892.197	2103.035	Procnias_averano-ML647982276.wav	2
9	Waveform 1	1	12.935588290	13.173514771	955.925	2166.763	Procnias_averano-ML647982276.wav	2
9	Spectrogram 1	1	12.935588290	13.173514771	955.925	2166.763	Procnias_averano-ML647982276.wav	2
10	Waveform 1	1	13.470108057	13.724330873	637.283	1911.850	Procnias_averano-ML647982276.wav	2
10	Spectrogram 1	1	13.470108057	13.724330873	637.283	1911.850	Procnias_averano-ML647982276.wav	2
11	Waveform 1	1	14.586096163	14.850096780	701.012	2103.035	Procnias_averano-ML647982276.wav	2
11	Spectrogram 1	1	14.586096163	14.850096780	701.012	2103.035	Procnias_averano-ML647982276.wav	2
12	Waveform 1	1	15.133652998	15.371579480	828.468	1848.121	Procnias_averano-ML647982276.wav	2
12	Spectrogram 1	1	15.133652998	15.371579480	828.468	1848.121	Procnias_averano-ML647982276.wav	2
13	Waveform 1	1	15.651876431	15.938691916	701.012	1848.121	Procnias_averano-ML647982276.wav	2
13	Spectrogram 1	1	15.651876431	15.938691916	701.012	1848.121	Procnias_averano-ML647982276.wav	2
14	Waveform 1	1	5.075484953	5.313411435	764.740	1848.121	Procnias_averano-ML647982276.wav	2
14	Spectrogram 1	1	5.075484953	5.313411435	764.740	1848.121	Procnias_averano-ML647982276.wav	2
15	Waveform 1	1	5.632819588	5.880523871	764.740	1720.665	Procnias_averano-ML647982276.wav	2
15	Spectrogram 1	1	5.632819588	5.880523871	764.740	1720.665	Procnias_averano-ML647982276.wav	2
16	Waveform 1	1	6.170598623	6.418302905	892.197	1911.850	Procnias_averano-ML647982276.wav	2
16	Spectrogram 1	1	6.170598623	6.418302905	892.197	1911.850	Procnias_averano-ML647982276.wav	2
17	Waveform 1	1	6.724673991	6.923489270	828.468	1784.393	Procnias_averano-ML647982276.wav	2
17	Spectrogram 1	1	6.724673991	6.923489270	828.468	1784.393	Procnias_averano-ML647982276.wav	2
18	Waveform 1	1	0.648594108	0.756149915	764.740	3823.699	Procnias_averano-ML647982276.wav	1
18	Spectrogram 1	1	0.648594108	0.756149915	764.740	3823.699	Procnias_averano-ML647982276.wav	1
