Selection	View	Channel	Begin Time (s)	End Time (s)	Low Freq (Hz)	High Freq (Hz)	Begin File	Tipo	Occupancy
1	Waveform 1	1	0.029013605	0.168426855	1000.000	2992.500	Procnias_averano-WA1616646.wav 	2	0.9318
1	Spectrogram 1	1	0.029013605	0.168426855	1000.000	2992.500	Procnias_averano-WA1616646.wav 	2	0.9318
2	Waveform 1	1	1.155181406	1.268815638	1000.000	3202.500	Procnias_averano-WA1616646.wav 	2	0.8462
2	Spectrogram 1	1	1.155181406	1.268815638	1000.000	3202.500	Procnias_averano-WA1616646.wav 	2	0.8462
3	Waveform 1	1	2.089784580	2.228848710	1000.000	2992.500	Procnias_averano-WA1616646.wav 	2	0.7069
3	Spectrogram 1	1	2.089784580	2.228848710	1000.000	2992.500	Procnias_averano-WA1616646.wav 	2	0.7069
4	Waveform 1	1	3.105657596	3.254468608	1000.000	3045.000	Procnias_averano-WA1616646.wav 	2	0.9583
4	Spectrogram 1	1	3.105657596	3.254468608	1000.000	3045.000	Procnias_averano-WA1616646.wav 	2	0.9583
5	Waveform 1	1	4.133140590	4.262222622	1000.000	3045.000	Procnias_averano-WA1616646.wav 	2	0.8837
5	Spectrogram 1	1	4.133140590	4.262222622	1000.000	3045.000	Procnias_averano-WA1616646.wav 	2	0.8837
6	Waveform 1	1	5.119988662	5.259771378	1000.000	2992.500	Procnias_averano-WA1616646.wav 	2	0.9773
6	Spectrogram 1	1	5.119988662	5.259771378	1000.000	2992.500	Procnias_averano-WA1616646.wav 	2	0.9773
7	Waveform 1	1	6.101031746	6.247875592	1000.000	3045.000	Procnias_averano-WA1616646.wav 	2	0.9512
7	Spectrogram 1	1	6.101031746	6.247875592	1000.000	3045.000	Procnias_averano-WA1616646.wav 	2	0.9512
8	Waveform 1	1	7.122709751	7.252822491	1000.000	2887.500	Procnias_averano-WA1616646.wav 	2	0.9348
8	Spectrogram 1	1	7.122709751	7.252822491	1000.000	2887.500	Procnias_averano-WA1616646.wav 	2	0.9348
9	Waveform 1	1	8.086337868	8.233018770	1000.000	3097.500	Procnias_averano-WA1616646.wav 	2	0.9750
9	Spectrogram 1	1	8.086337868	8.233018770	1000.000	3097.500	Procnias_averano-WA1616646.wav 	2	0.9750
10	Waveform 1	1	9.166065760	9.319371982	1000.000	2992.500	Procnias_averano-WA1616646.wav 	2	0.9333
10	Spectrogram 1	1	9.166065760	9.319371982	1000.000	2992.500	Procnias_averano-WA1616646.wav 	2	0.9333
11	Waveform 1	1	10.193548753	10.324318881	1000.000	2992.500	Procnias_averano-WA1616646.wav 	2	0.9167
11	Spectrogram 1	1	10.193548753	10.324318881	1000.000	2992.500	Procnias_averano-WA1616646.wav 	2	0.9167
12	Waveform 1	1	11.197811791	11.313080288	1000.000	3202.500	Procnias_averano-WA1616646.wav 	2	0.9130
12	Spectrogram 1	1	11.197811791	11.313080288	1000.000	3202.500	Procnias_averano-WA1616646.wav 	2	0.9130
13	Waveform 1	1	12.213684807	12.329255644	1000.000	3150.000	Procnias_averano-WA1616646.wav 	2	0.8491
13	Spectrogram 1	1	12.213684807	12.329255644	1000.000	3150.000	Procnias_averano-WA1616646.wav 	2	0.8491
14	Waveform 1	1	13.392097506	13.521626524	1000.000	3000.000	Procnias_averano-WA1616646.wav 	2	0.8868
14	Spectrogram 1	1	13.392097506	13.521626524	1000.000	3000.000	Procnias_averano-WA1616646.wav 	2	0.8868
15	Waveform 1	1	14.431190476	14.557451680	1000.000	3000.000	Procnias_averano-WA1616646.wav 	2	0.8333
15	Spectrogram 1	1	14.431190476	14.557451680	1000.000	3000.000	Procnias_averano-WA1616646.wav 	2	0.8333
16	Waveform 1	1	15.447063492	15.597107150	1000.000	3000.000	Procnias_averano-WA1616646.wav 	2	0.8070
16	Spectrogram 1	1	15.447063492	15.597107150	1000.000	3000.000	Procnias_averano-WA1616646.wav 	2	0.8070
17	Waveform 1	1	16.509376417	16.661003448	1000.000	3000.000	Procnias_averano-WA1616646.wav 	2	0.7576
17	Spectrogram 1	1	16.509376417	16.661003448	1000.000	3000.000	Procnias_averano-WA1616646.wav 	2	0.7576
18	Waveform 1	1	17.565884354	17.686878601	1000.000	3000.000	Procnias_averano-WA1616646.wav 	2	0.9107
18	Spectrogram 1	1	17.565884354	17.686878601	1000.000	3000.000	Procnias_averano-WA1616646.wav 	2	0.9107
19	Waveform 1	1	18.512097506	18.632876101	1000.000	3000.000	Procnias_averano-WA1616646.wav 	2	0.8704
19	Spectrogram 1	1	18.512097506	18.632876101	1000.000	3000.000	Procnias_averano-WA1616646.wav 	2	0.8704
20	Waveform 1	1	19.540341947	19.686311888	1000.000	3000.000	Procnias_averano-WA1616646.wav 	2	0.7059
20	Spectrogram 1	1	19.540341947	19.686311888	1000.000	3000.000	Procnias_averano-WA1616646.wav 	2	0.7059
21	Waveform 1	1	20.427743764	20.556517304	1000.000	3000.000	Procnias_averano-WA1616646.wav 	2	0.8491
21	Spectrogram 1	1	20.427743764	20.556517304	1000.000	3000.000	Procnias_averano-WA1616646.wav 	2	0.8491
22	Waveform 1	1	21.524886621	21.668134544	1000.000	3000.000	Procnias_averano-WA1616646.wav 	2	0.8214
22	Spectrogram 1	1	21.524886621	21.668134544	1000.000	3000.000	Procnias_averano-WA1616646.wav 	2	0.8214
23	Waveform 1	1	28.508287982	28.667811292	1000.000	3000.000	Procnias_averano-WA1616646.wav 	1	0.7593
23	Spectrogram 1	1	28.508287982	28.667811292	1000.000	3000.000	Procnias_averano-WA1616646.wav 	1	0.7593
24	Waveform 1	1	33.506383220	33.645850042	1000.000	3000.000	Procnias_averano-WA1616646.wav 	1	0.8043
24	Spectrogram 1	1	33.506383220	33.645850042	1000.000	3000.000	Procnias_averano-WA1616646.wav 	1	0.8043
25	Waveform 1	1	38.579943311	38.727498196	1000.000	3000.000	Procnias_averano-WA1616646.wav 	1	0.7889
25	Spectrogram 1	1	38.579943311	38.727498196	1000.000	3000.000	Procnias_averano-WA1616646.wav 	1	0.7889
26	Waveform 1	1	42.689875283	42.851663520	1000.000	3000.000	Procnias_averano-WA1616646.wav 	1	0.8276
26	Spectrogram 1	1	42.689875283	42.851663520	1000.000	3000.000	Procnias_averano-WA1616646.wav 	1	0.8276
27	Waveform 1	1	45.435634921	45.593199034	1000.000	3000.000	Procnias_averano-WA1616646.wav 	1	0.9219
27	Spectrogram 1	1	45.435634921	45.593199034	1000.000	3000.000	Procnias_averano-WA1616646.wav 	1	0.9219
28	Waveform 1	1	51.374138322	51.523611356	1000.000	3000.000	Procnias_averano-WA1616646.wav 	2	0.8596
28	Spectrogram 1	1	51.374138322	51.523611356	1000.000	3000.000	Procnias_averano-WA1616646.wav 	2	0.8596
29	Waveform 1	1	52.976315193	53.126228731	1000.000	3000.000	Procnias_averano-WA1616646.wav 	2	0.7231
29	Spectrogram 1	1	52.976315193	53.126228731	1000.000	3000.000	Procnias_averano-WA1616646.wav 	2	0.7231
30	Waveform 1	1	55.176405896	55.313222251	1000.000	3000.000	Procnias_averano-WA1616646.wav 	2	0.8222
30	Spectrogram 1	1	55.176405896	55.313222251	1000.000	3000.000	Procnias_averano-WA1616646.wav 	2	0.8222
31	Waveform 1	1	56.708922902	56.848713743	1000.000	3000.000	Procnias_averano-WA1616646.wav 	2	0.8222
31	Spectrogram 1	1	56.708922902	56.848713743	1000.000	3000.000	Procnias_averano-WA1616646.wav 	2	0.8222
32	Waveform 1	1	58.171780045	58.299741223	1000.000	3000.000	Procnias_averano-WA1616646.wav 	2	0.8947
32	Spectrogram 1	1	58.171780045	58.299741223	1000.000	3000.000	Procnias_averano-WA1616646.wav 	2	0.8947
33	Waveform 1	1	59.431462585	59.537678605	1000.000	3000.000	Procnias_averano-WA1616646.wav 	2	0.8750
33	Spectrogram 1	1	59.431462585	59.537678605	1000.000	3000.000	Procnias_averano-WA1616646.wav 	2	0.8750
34	Waveform 1	1	60.911734694	61.032855583	1000.000	3000.000	Procnias_averano-WA1616646.wav 	2	0.8302
34	Spectrogram 1	1	60.911734694	61.032855583	1000.000	3000.000	Procnias_averano-WA1616646.wav 	2	0.8302
35	Waveform 1	1	62.159807256	62.284828536	1000.000	3000.000	Procnias_averano-WA1616646.wav 	2	0.8889
35	Spectrogram 1	1	62.159807256	62.284828536	1000.000	3000.000	Procnias_averano-WA1616646.wav 	2	0.8889
36	Waveform 1	1	66.937312925	67.100565543	1000.000	3000.000	Procnias_averano-WA1616646.wav 	1	0.7952
36	Spectrogram 1	1	66.937312925	67.100565543	1000.000	3000.000	Procnias_averano-WA1616646.wav 	1	0.7952
37	Waveform 1	1	70.838265306	71.007818175	1000.000	3000.000	Procnias_averano-WA1616646.wav 	1	0.7386
37	Spectrogram 1	1	70.838265306	71.007818175	1000.000	3000.000	Procnias_averano-WA1616646.wav 	1	0.7386
38	Waveform 1	1	77.229557823	77.416724098	1000.000	3000.000	Procnias_averano-WA1616646.wav 	1	0.7654
38	Spectrogram 1	1	77.229557823	77.416724098	1000.000	3000.000	Procnias_averano-WA1616646.wav 	1	0.7654
39	Waveform 1	1	80.161077098	80.306266423	1000.000	3000.000	Procnias_averano-WA1616646.wav 	1	0.8852
39	Spectrogram 1	1	80.161077098	80.306266423	1000.000	3000.000	Procnias_averano-WA1616646.wav 	1	0.8852
40	Waveform 1	1	82.099943311	82.237561399	1000.000	3000.000	Procnias_averano-WA1616646.wav 	1	0.8214
40	Spectrogram 1	1	82.099943311	82.237561399	1000.000	3000.000	Procnias_averano-WA1616646.wav 	1	0.8214
41	Waveform 1	1	87.196723356	87.345751659	1000.000	3000.000	Procnias_averano-WA1616646.wav 	1	0.7882
41	Spectrogram 1	1	87.196723356	87.345751659	1000.000	3000.000	Procnias_averano-WA1616646.wav 	1	0.7882
42	Waveform 1	1	90.917721088	91.076663927	1000.000	3000.000	Procnias_averano-WA1616646.wav 	1	0.8889
42	Spectrogram 1	1	90.917721088	91.076663927	1000.000	3000.000	Procnias_averano-WA1616646.wav 	1	0.8889
44	Waveform 1	1	48.814494586	48.982921441	1260.000	3412.500	Procnias_averano-WA1616646.wav 	1	
44	Spectrogram 1	1	48.814494586	48.982921441	1260.000	3412.500	Procnias_averano-WA1616646.wav 	1	
