Selection	View	Channel	Begin Time (s)	End Time (s)	Low Freq (Hz)	High Freq (Hz)	Begin File	Tipo
1	Waveform 1	1	0.280296951	0.443260295	828.468	3759.971	Procnias_averano-WA80042.wav	2
1	Spectrogram 1	1	0.280296951	0.443260295	828.468	3759.971	Procnias_averano-WA80042.wav	2
2	Waveform 1	1	1.078817335	1.313484550	892.197	3568.786	Procnias_averano-WA80042.wav	2
2	Spectrogram 1	1	1.078817335	1.313484550	892.197	3568.786	Procnias_averano-WA80042.wav	2
3	Waveform 1	1	1.922967456	2.131560536	637.283	3568.786	Procnias_averano-WA80042.wav	2
3	Spectrogram 1	1	1.922967456	2.131560536	637.283	3568.786	Procnias_averano-WA80042.wav	2
4	Waveform 1	1	5.861839618	6.008506627	701.012	4333.526	Procnias_averano-WA80042.wav	1
4	Spectrogram 1	1	5.861839618	6.008506627	701.012	4333.526	Procnias_averano-WA80042.wav	1
5	Waveform 1	1	10.492056719	10.765835137	1147.110	3377.601	Procnias_averano-WA80042.wav	2
5	Spectrogram 1	1	10.492056719	10.765835137	1147.110	3377.601	Procnias_averano-WA80042.wav	2
6	Waveform 1	1	11.274280769	11.473096048	892.197	3250.145	Procnias_averano-WA80042.wav	2
6	Spectrogram 1	1	11.274280769	11.473096048	892.197	3250.145	Procnias_averano-WA80042.wav	2
7	Waveform 1	1	12.059764085	12.248801564	701.012	3505.058	Procnias_averano-WA80042.wav	2
7	Spectrogram 1	1	12.059764085	12.248801564	701.012	3505.058	Procnias_averano-WA80042.wav	2
8	Waveform 1	1	12.834990378	13.007731522	637.283	3632.514	Procnias_averano-WA80042.wav	2
8	Spectrogram 1	1	12.834990378	13.007731522	637.283	3632.514	Procnias_averano-WA80042.wav	2
9	Waveform 1	1	13.600918094	13.812770440	892.197	3441.329	Procnias_averano-WA80042.wav	2
9	Spectrogram 1	1	13.600918094	13.812770440	892.197	3441.329	Procnias_averano-WA80042.wav	2
10	Waveform 1	1	14.462820167	14.671413246	955.925	3696.243	Procnias_averano-WA80042.wav	2
10	Spectrogram 1	1	14.462820167	14.671413246	955.925	3696.243	Procnias_averano-WA80042.wav	2
11	Waveform 1	1	15.290673952	15.499267032	955.925	3568.786	Procnias_averano-WA80042.wav	2
11	Spectrogram 1	1	15.290673952	15.499267032	955.925	3568.786	Procnias_averano-WA80042.wav	2
12	Waveform 1	1	16.105490671	16.320602285	1083.382	3441.329	Procnias_averano-WA80042.wav	2
12	Spectrogram 1	1	16.105490671	16.320602285	1083.382	3441.329	Procnias_averano-WA80042.wav	2
13	Waveform 1	1	16.914155537	17.073859614	955.925	3250.145	Procnias_averano-WA80042.wav	2
13	Spectrogram 1	1	16.914155537	17.073859614	955.925	3250.145	Procnias_averano-WA80042.wav	2
