Selection	View	Channel	Begin Time (s)	End Time (s)	Low Freq (Hz)	High Freq (Hz)	Begin File	Tipo	Occupancy
1	Waveform 1	1	1.900416343	2.106498674	945.000	3202.500	Procnias_averano-WA930907.wav	1	0.9786
1	Spectrogram 1	1	1.900416343	2.106498674	945.000	3202.500	Procnias_averano-WA930907.wav	1	0.9786
2	Waveform 1	1	7.855863687	8.061399499	840.000	3000.000	Procnias_averano-WA930907.wav	1	0.8627
2	Spectrogram 1	1	7.855863687	8.061399499	840.000	3000.000	Procnias_averano-WA930907.wav	1	0.8627
3	Waveform 1	1	15.905784515	16.117928224	1102.500	3000.000	Procnias_averano-WA930907.wav	1	0.8553
3	Spectrogram 1	1	15.905784515	16.117928224	1102.500	3000.000	Procnias_averano-WA930907.wav	1	0.8553
6	Waveform 1	1	22.906181459	23.105486570	1050.000	3412.500	Procnias_averano-WA930907.wav	1	0.9152
6	Spectrogram 1	1	22.906181459	23.105486570	1050.000	3412.500	Procnias_averano-WA930907.wav	1	0.9152
7	Waveform 1	1	30.058820029	30.300231854	1171.739	3000.000	Procnias_averano-WA930907.wav	1	0.8701
7	Spectrogram 1	1	30.058820029	30.300231854	1171.739	3000.000	Procnias_averano-WA930907.wav	1	0.8701
8	Waveform 1	1	36.907560952	37.137744320	1000.000	3515.217	Procnias_averano-WA930907.wav	1	0.8538
8	Spectrogram 1	1	36.907560952	37.137744320	1000.000	3515.217	Procnias_averano-WA930907.wav	1	0.8538
