Selection	View	Channel	Begin Time (s)	End Time (s)	Low Freq (Hz)	High Freq (Hz)	Begin File	Tipo
1	Waveform 1	1	0.866964988	1.013631998	764.740	4460.983	Procnias_averano-XC513096.wav	1
1	Spectrogram 1	1	0.866964988	1.013631998	764.740	4460.983	Procnias_averano-XC513096.wav	1
2	Waveform 1	1	2.405338953	2.574820830	892.197	4779.624	Procnias_averano-XC513096.wav	1
2	Spectrogram 1	1	2.405338953	2.574820830	892.197	4779.624	Procnias_averano-XC513096.wav	1
3	Waveform 1	1	17.521452902	17.661601377	1083.382	4397.254	Procnias_averano-XC513096.wav	1
3	Spectrogram 1	1	17.521452902	17.661601377	1083.382	4397.254	Procnias_averano-XC513096.wav	1
4	Waveform 1	1	20.080107989	20.216997198	573.555	4779.624	Procnias_averano-XC513096.wav	1
4	Spectrogram 1	1	20.080107989	20.216997198	573.555	4779.624	Procnias_averano-XC513096.wav	1
5	Waveform 1	1	20.705887229	20.846035705	828.468	4652.168	Procnias_averano-XC513096.wav	1
5	Spectrogram 1	1	20.705887229	20.846035705	828.468	4652.168	Procnias_averano-XC513096.wav	1
6	Waveform 1	1	24.317846961	24.464513970	892.197	4142.341	Procnias_averano-XC513096.wav	2
6	Spectrogram 1	1	24.317846961	24.464513970	892.197	4142.341	Procnias_averano-XC513096.wav	2
7	Waveform 1	1	25.119626612	25.236960219	828.468	4014.884	Procnias_averano-XC513096.wav	2
7	Spectrogram 1	1	25.119626612	25.236960219	828.468	4014.884	Procnias_averano-XC513096.wav	2
8	Waveform 1	1	26.434089659	26.544904732	892.197	3951.156	Procnias_averano-XC513096.wav	2
8	Spectrogram 1	1	26.434089659	26.544904732	892.197	3951.156	Procnias_averano-XC513096.wav	2
9	Waveform 1	1	26.984905760	27.108757902	1147.110	3887.428	Procnias_averano-XC513096.wav	2
9	Spectrogram 1	1	26.984905760	27.108757902	1147.110	3887.428	Procnias_averano-XC513096.wav	2
10	Waveform 1	1	28.073500896	28.187575237	1147.110	3823.699	Procnias_averano-XC513096.wav	2
10	Spectrogram 1	1	28.073500896	28.187575237	1147.110	3823.699	Procnias_averano-XC513096.wav	2
11	Waveform 1	1	30.587085932	30.668567603	892.197	3250.145	Procnias_averano-XC513096.wav	2
11	Spectrogram 1	1	30.587085932	30.668567603	892.197	3250.145	Procnias_averano-XC513096.wav	2
12	Waveform 1	1	31.131383500	31.265013441	828.468	3122.688	Procnias_averano-XC513096.wav	2
12	Spectrogram 1	1	31.131383500	31.265013441	828.468	3122.688	Procnias_averano-XC513096.wav	2
13	Waveform 1	1	31.643088399	31.793014675	1147.110	3058.960	Procnias_averano-XC513096.wav	2
13	Spectrogram 1	1	31.643088399	31.793014675	1147.110	3058.960	Procnias_averano-XC513096.wav	2
14	Waveform 1	1	34.826381602	34.999122746	892.197	3505.058	Procnias_averano-XC513096.wav	2
14	Spectrogram 1	1	34.826381602	34.999122746	892.197	3505.058	Procnias_averano-XC513096.wav	2
15	Waveform 1	1	35.354382835	35.491272044	892.197	3441.329	Procnias_averano-XC513096.wav	2
15	Spectrogram 1	1	35.354382835	35.491272044	892.197	3441.329	Procnias_averano-XC513096.wav	2
16	Waveform 1	1	36.962037550	37.092408225	892.197	3632.514	Procnias_averano-XC513096.wav	2
16	Spectrogram 1	1	36.962037550	37.092408225	892.197	3632.514	Procnias_averano-XC513096.wav	2
17	Waveform 1	1	44.256387128	44.357424401	701.012	3122.688	Procnias_averano-XC513096.wav	2
17	Spectrogram 1	1	44.256387128	44.357424401	701.012	3122.688	Procnias_averano-XC513096.wav	2
18	Waveform 1	1	44.768092027	44.891944168	1083.382	3377.601	Procnias_averano-XC513096.wav	2
18	Spectrogram 1	1	44.768092027	44.891944168	1083.382	3377.601	Procnias_averano-XC513096.wav	2
19	Waveform 1	1	45.305871061	45.426463935	955.925	3186.416	Procnias_averano-XC513096.wav	2
19	Spectrogram 1	1	45.305871061	45.426463935	955.925	3186.416	Procnias_averano-XC513096.wav	2
20	Waveform 1	1	46.868038390	47.047298068	892.197	3058.960	Procnias_averano-XC513096.wav	2
20	Spectrogram 1	1	46.868038390	47.047298068	892.197	3058.960	Procnias_averano-XC513096.wav	2
21	Waveform 1	1	47.402558157	47.549225167	1147.110	3441.329	Procnias_averano-XC513096.wav	2
21	Spectrogram 1	1	47.402558157	47.549225167	1147.110	3441.329	Procnias_averano-XC513096.wav	2
22	Waveform 1	1	49.538639678	49.662491819	1147.110	2740.318	Procnias_averano-XC513096.wav	2
22	Spectrogram 1	1	49.538639678	49.662491819	1147.110	2740.318	Procnias_averano-XC513096.wav	2
23	Waveform 1	1	50.053603844	50.190493053	892.197	2804.046	Procnias_averano-XC513096.wav	2
23	Spectrogram 1	1	50.053603844	50.190493053	892.197	2804.046	Procnias_averano-XC513096.wav	2
24	Waveform 1	1	52.234039864	52.341595671	1147.110	2995.231	Procnias_averano-XC513096.wav	2
24	Spectrogram 1	1	52.234039864	52.341595671	1147.110	2995.231	Procnias_averano-XC513096.wav	2
