Selection	View	Channel	Begin Time (s)	End Time (s)	Low Freq (Hz)	High Freq (Hz)	Begin File	Tipo
1	Waveform 1	1	6.380489320	6.481526593	701.012	4206.069	Procnias_averano-ML649349289.wav	1
1	Spectrogram 1	1	6.380489320	6.481526593	701.012	4206.069	Procnias_averano-ML649349289.wav	1
2	Waveform 1	1	24.445023203	24.552579010	764.740	4460.983	Procnias_averano-ML649349289.wav	1
2	Spectrogram 1	1	24.445023203	24.552579010	764.740	4460.983	Procnias_averano-ML649349289.wav	1
3	Waveform 1	1	60.908130998	61.038501673	637.283	2357.948	Procnias_averano-ML649349289.wav	2
3	Spectrogram 1	1	60.908130998	61.038501673	637.283	2357.948	Procnias_averano-ML649349289.wav	2
4	Waveform 1	1	61.501317569	61.631688244	892.197	2740.318	Procnias_averano-ML649349289.wav	2
4	Spectrogram 1	1	61.501317569	61.631688244	892.197	2740.318	Procnias_averano-ML649349289.wav	2
5	Waveform 1	1	62.110800475	62.260726751	955.925	2612.861	Procnias_averano-ML649349289.wav	2
5	Spectrogram 1	1	62.110800475	62.260726751	955.925	2612.861	Procnias_averano-ML649349289.wav	2
6	Waveform 1	1	62.668135110	62.811542853	764.740	2676.590	Procnias_averano-ML649349289.wav	2
6	Spectrogram 1	1	62.668135110	62.811542853	764.740	2676.590	Procnias_averano-ML649349289.wav	2
7	Waveform 1	1	67.462083063	67.589194471	701.012	2804.046	Procnias_averano-ML649349289.wav	2
7	Spectrogram 1	1	67.462083063	67.589194471	701.012	2804.046	Procnias_averano-ML649349289.wav	2
8	Waveform 1	1	68.087862303	68.172603241	892.197	2485.405	Procnias_averano-ML649349289.wav	2
8	Spectrogram 1	1	68.087862303	68.172603241	892.197	2485.405	Procnias_averano-ML649349289.wav	2
9	Waveform 1	1	68.638678404	68.824456616	764.740	2612.861	Procnias_averano-ML649349289.wav	2
9	Spectrogram 1	1	68.638678404	68.824456616	764.740	2612.861	Procnias_averano-ML649349289.wav	2
10	Waveform 1	1	75.243773136	75.361106744	764.740	4269.798	Procnias_averano-ML649349289.wav	1
10	Spectrogram 1	1	75.243773136	75.361106744	764.740	4269.798	Procnias_averano-ML649349289.wav	1
