Selection	View	Channel	Begin Time (s)	End Time (s)	Low Freq (Hz)	High Freq (Hz)	Begin File	Tipo
1	Waveform 1	1	0.769186982	0.902816924	892.197	4524.711	Procnias_averano-XC742165.wav	1
1	Spectrogram 1	1	0.769186982	0.902816924	892.197	4524.711	Procnias_averano-XC742165.wav	1
2	Waveform 1	1	7.010304037	7.130896911	892.197	4524.711	Procnias_averano-XC742165.wav	1
2	Spectrogram 1	1	7.010304037	7.130896911	892.197	4524.711	Procnias_averano-XC742165.wav	1
3	Waveform 1	1	12.499381101	12.613455441	637.283	4333.526	Procnias_averano-XC742165.wav	1
3	Spectrogram 1	1	12.499381101	12.613455441	637.283	4333.526	Procnias_averano-XC742165.wav	1
4	Waveform 1	1	16.987563990	17.111416131	892.197	4588.439	Procnias_averano-XC742165.wav	1
4	Spectrogram 1	1	16.987563990	17.111416131	892.197	4588.439	Procnias_averano-XC742165.wav	1
5	Waveform 1	1	21.860922960	21.994552902	892.197	4970.809	Procnias_averano-XC742165.wav	1
5	Spectrogram 1	1	21.860922960	21.994552902	892.197	4970.809	Procnias_averano-XC742165.wav	1
6	Waveform 1	1	24.683856745	24.840301555	1019.653	4715.896	Procnias_averano-XC742165.wav	1
6	Spectrogram 1	1	24.683856745	24.840301555	1019.653	4715.896	Procnias_averano-XC742165.wav	1
7	Waveform 1	1	28.201312996	28.334942938	701.012	4460.983	Procnias_averano-XC742165.wav	1
7	Spectrogram 1	1	28.201312996	28.334942938	701.012	4460.983	Procnias_averano-XC742165.wav	1
8	Waveform 1	1	31.574749609	31.705120284	1083.382	4652.168	Procnias_averano-XC742165.wav	1
8	Spectrogram 1	1	31.574749609	31.705120284	1083.382	4652.168	Procnias_averano-XC742165.wav	1
9	Waveform 1	1	36.513275523	36.633868397	892.197	3759.971	Procnias_averano-XC742165.wav	1
9	Spectrogram 1	1	36.513275523	36.633868397	892.197	3759.971	Procnias_averano-XC742165.wav	1
10	Waveform 1	1	35.154161237	35.291050445	892.197	4460.983	Procnias_averano-XC742165.wav	1
10	Spectrogram 1	1	35.154161237	35.291050445	892.197	4460.983	Procnias_averano-XC742165.wav	1
11	Waveform 1	1	33.584281530	33.737467073	656.250	4593.750	Procnias_averano-XC742165.wav	1
11	Spectrogram 1	1	33.584281530	33.737467073	656.250	4593.750	Procnias_averano-XC742165.wav	1
