Selection	View	Channel	Begin Time (s)	End Time (s)	Low Freq (Hz)	High Freq (Hz)	Begin File	Tipo
1	Waveform 1	1	1.108810126	1.249165839	997.500	4462.500	Procnias_averano-XC427845.wav	1
1	Spectrogram 1	1	1.108810126	1.249165839	997.500	4462.500	Procnias_averano-XC427845.wav	1
2	Waveform 1	1	5.160627356	5.250455012	1155.000	4357.500	Procnias_averano-XC427845.wav	1
2	Spectrogram 1	1	5.160627356	5.250455012	1155.000	4357.500	Procnias_averano-XC427845.wav	1
3	Waveform 1	1	10.329756346	10.430812459	945.000	4935.000	Procnias_averano-XC427845.wav	1
3	Spectrogram 1	1	10.329756346	10.430812459	945.000	4935.000	Procnias_averano-XC427845.wav	1
4	Waveform 1	1	16.857835732	16.986962987	945.000	4830.000	Procnias_averano-XC427845.wav	1
4	Spectrogram 1	1	16.857835732	16.986962987	945.000	4830.000	Procnias_averano-XC427845.wav	1
5	Waveform 1	1	24.422956451	24.552083706	945.000	4620.000	Procnias_averano-XC427845.wav	1
5	Spectrogram 1	1	24.422956451	24.552083706	945.000	4620.000	Procnias_averano-XC427845.wav	1
6	Waveform 1	1	27.996648355	28.117354267	1050.000	4725.000	Procnias_averano-XC427845.wav	1
6	Spectrogram 1	1	27.996648355	28.117354267	1050.000	4725.000	Procnias_averano-XC427845.wav	1
7	Waveform 1	1	33.111606560	33.254769386	1155.000	4987.500	Procnias_averano-XC427845.wav	1
7	Spectrogram 1	1	33.111606560	33.254769386	1155.000	4987.500	Procnias_averano-XC427845.wav	1
8	Waveform 1	1	39.935345587	40.075701299	1102.500	4935.000	Procnias_averano-XC427845.wav	1
8	Spectrogram 1	1	39.935345587	40.075701299	1102.500	4935.000	Procnias_averano-XC427845.wav	1
