Selection	View	Channel	Begin Time (s)	End Time (s)	Low Freq (Hz)	High Freq (Hz)	Begin File	Tipo
1	Waveform 1	1	8.896845155	9.023165296	742.067	2809.255	Procnias_averano-ML625207755.wav	1
1	Spectrogram 1	1	8.896845155	9.023165296	742.067	2809.255	Procnias_averano-ML625207755.wav	1
2	Waveform 1	1	13.783634656	14.005396682	477.043	1643.149	Procnias_averano-ML625207755.wav	2
2	Spectrogram 1	1	13.783634656	14.005396682	477.043	1643.149	Procnias_averano-ML625207755.wav	2
4	Waveform 1	1	15.582066825	15.944184563	492.737	2894.832	Procnias_averano-ML625207755.wav	2
4	Spectrogram 1	1	15.582066825	15.944184563	492.737	2894.832	Procnias_averano-ML625207755.wav	2
5	Waveform 1	1	16.415779756	16.741405008	554.330	2710.056	Procnias_averano-ML625207755.wav	2
5	Spectrogram 1	1	16.415779756	16.741405008	554.330	2710.056	Procnias_averano-ML625207755.wav	2
6	Waveform 1	1	17.242112732	17.598616241	492.737	3202.793	Procnias_averano-ML625207755.wav	2
6	Spectrogram 1	1	17.242112732	17.598616241	492.737	3202.793	Procnias_averano-ML625207755.wav	2
7	Waveform 1	1	18.081439891	18.538999512	492.737	3510.754	Procnias_averano-ML625207755.wav	2
7	Spectrogram 1	1	18.081439891	18.538999512	492.737	3510.754	Procnias_averano-ML625207755.wav	2
8	Waveform 1	1	18.922810073	19.304577610	492.737	3079.609	Procnias_averano-ML625207755.wav	2
8	Spectrogram 1	1	18.922810073	19.304577610	492.737	3079.609	Procnias_averano-ML625207755.wav	2
9	Waveform 1	1	19.647045547	20.090569598	554.330	3449.162	Procnias_averano-ML625207755.wav	2
9	Spectrogram 1	1	19.647045547	20.090569598	554.330	3449.162	Procnias_averano-ML625207755.wav	2
10	Waveform 1	1	21.127643828	21.529061165	369.553	3695.531	Procnias_averano-ML625207755.wav	2
10	Spectrogram 1	1	21.127643828	21.529061165	369.553	3695.531	Procnias_averano-ML625207755.wav	2
11	Waveform 1	1	21.815386818	22.171890327	615.922	4557.821	Procnias_averano-ML625207755.wav	2
11	Spectrogram 1	1	21.815386818	22.171890327	615.922	4557.821	Procnias_averano-ML625207755.wav	2
12	Waveform 1	1	22.556586222	22.854140332	862.291	3572.346	Procnias_averano-ML625207755.wav	2
12	Spectrogram 1	1	22.556586222	22.854140332	862.291	3572.346	Procnias_averano-ML625207755.wav	2
13	Waveform 1	1	23.224679412	23.676624805	739.106	2525.279	Procnias_averano-ML625207755.wav	2
13	Spectrogram 1	1	23.224679412	23.676624805	739.106	2525.279	Procnias_averano-ML625207755.wav	2
14	Waveform 1	1	24.657682945	25.109628338	800.698	1909.358	Procnias_averano-ML625207755.wav	2
14	Spectrogram 1	1	24.657682945	25.109628338	800.698	1909.358	Procnias_averano-ML625207755.wav	2
15	Waveform 1	1	24.009239555	24.357321721	739.106	1909.358	Procnias_averano-ML625207755.wav	2
15	Spectrogram 1	1	24.009239555	24.357321721	739.106	1909.358	Procnias_averano-ML625207755.wav	2
16	Waveform 1	1	25.394443622	25.745332902	739.106	2217.318	Procnias_averano-ML625207755.wav	2
16	Spectrogram 1	1	25.394443622	25.745332902	739.106	2217.318	Procnias_averano-ML625207755.wav	2
17	Waveform 1	1	26.214120981	26.489218177	800.698	1970.950	Procnias_averano-ML625207755.wav	2
17	Spectrogram 1	1	26.214120981	26.489218177	800.698	1970.950	Procnias_averano-ML625207755.wav	2
18	Waveform 1	1	26.824933172	27.167401110	800.698	2217.318	Procnias_averano-ML625207755.wav	2
18	Spectrogram 1	1	26.824933172	27.167401110	800.698	2217.318	Procnias_averano-ML625207755.wav	2
19	Waveform 1	1	27.554782876	27.944971756	677.514	2833.240	Procnias_averano-ML625207755.wav	2
19	Spectrogram 1	1	27.554782876	27.944971756	677.514	2833.240	Procnias_averano-ML625207755.wav	2
20	Waveform 1	1	3.727166599	4.072441651	677.514	1786.173	Procnias_averano-ML625207755.wav	2
20	Spectrogram 1	1	3.727166599	4.072441651	677.514	1786.173	Procnias_averano-ML625207755.wav	2
21	Waveform 1	1	4.777027326	5.158794863	739.106	2217.318	Procnias_averano-ML625207755.wav	2
21	Spectrogram 1	1	4.777027326	5.158794863	739.106	2217.318	Procnias_averano-ML625207755.wav	2
22	Waveform 1	1	5.873006745	6.223896026	246.369	2710.056	Procnias_averano-ML625207755.wav	2
22	Spectrogram 1	1	5.873006745	6.223896026	246.369	2710.056	Procnias_averano-ML625207755.wav	2
