Selection	View	Channel	Begin Time (s)	End Time (s)	Low Freq (Hz)	High Freq (Hz)	Begin File	Tipo
1	Waveform 1	1	1.171854141	1.249353376	869.000	7169.000	Procnias_averano-GBIF2609692405.wav	2
1	Spectrogram 1	1	1.171854141	1.249353376	869.000	7169.000	Procnias_averano-GBIF2609692405.wav	2
2	Waveform 1	1	4.541457710	4.621378796	806.500	6408.600	Procnias_averano-GBIF2609692405.wav	2
2	Spectrogram 1	1	4.541457710	4.621378796	806.500	6408.600	Procnias_averano-GBIF2609692405.wav	2
3	Waveform 1	1	3.488716799	3.617074907	768.100	5146.000	Procnias_averano-GBIF2609692405.wav	2
3	Spectrogram 1	1	3.488716799	3.617074907	768.100	5146.000	Procnias_averano-GBIF2609692405.wav	2
4	Waveform 1	1	4.010716827	4.152395115	691.300	6413.300	Procnias_averano-GBIF2609692405.wav	2
4	Spectrogram 1	1	4.010716827	4.152395115	691.300	6413.300	Procnias_averano-GBIF2609692405.wav	2
5	Waveform 1	1	5.061802174	5.163519919	768.100	6374.900	Procnias_averano-GBIF2609692405.wav	2
5	Spectrogram 1	1	5.061802174	5.163519919	768.100	6374.900	Procnias_averano-GBIF2609692405.wav	2
6	Waveform 1	1	5.538288942	5.650905017	576.000	6336.500	Procnias_averano-GBIF2609692405.wav	2
6	Spectrogram 1	1	5.538288942	5.650905017	576.000	6336.500	Procnias_averano-GBIF2609692405.wav	2
7	Waveform 1	1	6.544424166	6.652196539	768.100	6682.200	Procnias_averano-GBIF2609692405.wav	2
7	Spectrogram 1	1	6.544424166	6.652196539	768.100	6682.200	Procnias_averano-GBIF2609692405.wav	2
8	Waveform 1	1	7.068077243	7.206122755	806.500	6336.500	Procnias_averano-GBIF2609692405.wav	2
8	Spectrogram 1	1	7.068077243	7.206122755	806.500	6336.500	Procnias_averano-GBIF2609692405.wav	2
9	Waveform 1	1	8.174188020	8.291647797	652.900	6221.300	Procnias_averano-GBIF2609692405.wav	2
9	Spectrogram 1	1	8.174188020	8.291647797	652.900	6221.300	Procnias_averano-GBIF2609692405.wav	2
10	Waveform 1	1	9.245711247	9.349850844	691.300	5798.900	Procnias_averano-GBIF2609692405.wav	2
10	Spectrogram 1	1	9.245711247	9.349850844	691.300	5798.900	Procnias_averano-GBIF2609692405.wav	2
11	Waveform 1	1	10.255716244	10.357433990	691.300	6490.100	Procnias_averano-GBIF2609692405.wav	2
11	Spectrogram 1	1	10.255716244	10.357433990	691.300	6490.100	Procnias_averano-GBIF2609692405.wav	2
12	Waveform 1	1	11.271391018	11.375530615	652.900	6413.300	Procnias_averano-GBIF2609692405.wav	2
12	Spectrogram 1	1	11.271391018	11.375530615	652.900	6413.300	Procnias_averano-GBIF2609692405.wav	2
13	Waveform 1	1	15.210427679	15.319410978	729.700	6643.800	Procnias_averano-GBIF2609692405.wav	2
13	Spectrogram 1	1	15.210427679	15.319410978	729.700	6643.800	Procnias_averano-GBIF2609692405.wav	2
14	Waveform 1	1	15.802570269	15.921240973	844.900	6106.100	Procnias_averano-GBIF2609692405.wav	2
14	Spectrogram 1	1	15.802570269	15.921240973	844.900	6106.100	Procnias_averano-GBIF2609692405.wav	2
15	Waveform 1	1	1.731989489	1.855502515	1086.207	5376.724	Procnias_averano-GBIF2609692405.wav	2
15	Spectrogram 1	1	1.731989489	1.855502515	1086.207	5376.724	Procnias_averano-GBIF2609692405.wav	2
16	Waveform 1	1	2.338414822	2.436663821	1086.207	4725.000	Procnias_averano-GBIF2609692405.wav	2
16	Spectrogram 1	1	2.338414822	2.436663821	1086.207	4725.000	Procnias_averano-GBIF2609692405.wav	2
17	Waveform 1	1	6.027858211	6.171021037	706.034	3312.931	Procnias_averano-GBIF2609692405.wav	2
17	Spectrogram 1	1	6.027858211	6.171021037	706.034	3312.931	Procnias_averano-GBIF2609692405.wav	2
18	Waveform 1	1	9.759812537	9.902975363	651.724	5159.483	Procnias_averano-GBIF2609692405.wav	2
18	Spectrogram 1	1	9.759812537	9.902975363	651.724	5159.483	Procnias_averano-GBIF2609692405.wav	2
19	Waveform 1	1	12.255222336	12.373121134	811.656	3449.540	Procnias_averano-GBIF2609692405.wav	2
19	Spectrogram 1	1	12.255222336	12.373121134	811.656	3449.540	Procnias_averano-GBIF2609692405.wav	2
20	Waveform 1	1	12.760502900	12.861559012	946.933	3855.368	Procnias_averano-GBIF2609692405.wav	2
20	Spectrogram 1	1	12.760502900	12.861559012	946.933	3855.368	Procnias_averano-GBIF2609692405.wav	2
21	Waveform 1	1	13.299468835	13.389296490	1014.571	3314.264	Procnias_averano-GBIF2609692405.wav	2
21	Spectrogram 1	1	13.299468835	13.389296490	1014.571	3314.264	Procnias_averano-GBIF2609692405.wav	2
22	Waveform 1	1	14.662174186	14.768844528	1082.209	3584.816	Procnias_averano-GBIF2609692405.wav	2
22	Spectrogram 1	1	14.662174186	14.768844528	1082.209	3584.816	Procnias_averano-GBIF2609692405.wav	2
