Selection	View	Channel	Begin Time (s)	End Time (s)	Low Freq (Hz)	High Freq (Hz)	Begin File	Tipo
1	Waveform 1	1	1.676267057	1.855922369	472.500	3727.500	Procnias_averano-XC228603.wav	1
1	Spectrogram 1	1	1.676267057	1.855922369	472.500	3727.500	Procnias_averano-XC228603.wav	1
2	Waveform 1	1	4.195565330	4.400484670	840.000	3780.000	Procnias_averano-XC228603.wav	1
2	Spectrogram 1	1	4.195565330	4.400484670	840.000	3780.000	Procnias_averano-XC228603.wav	1
3	Waveform 1	1	5.521286918	5.717784915	577.500	3360.000	Procnias_averano-XC228603.wav	1
3	Spectrogram 1	1	5.521286918	5.717784915	577.500	3360.000	Procnias_averano-XC228603.wav	1
4	Waveform 1	1	6.641325501	6.835016384	735.000	3255.000	Procnias_averano-XC228603.wav	1
4	Spectrogram 1	1	6.641325501	6.835016384	735.000	3255.000	Procnias_averano-XC228603.wav	1
5	Waveform 1	1	7.562898843	7.748168383	735.000	3990.000	Procnias_averano-XC228603.wav	1
5	Spectrogram 1	1	7.562898843	7.748168383	735.000	3990.000	Procnias_averano-XC228603.wav	1
6	Waveform 1	1	10.486727275	10.683225272	735.000	3622.500	Procnias_averano-XC228603.wav	1
6	Spectrogram 1	1	10.486727275	10.683225272	735.000	3622.500	Procnias_averano-XC228603.wav	1
7	Waveform 1	1	11.168856037	11.365354034	892.500	3885.000	Procnias_averano-XC228603.wav	1
7	Spectrogram 1	1	11.168856037	11.365354034	892.500	3885.000	Procnias_averano-XC228603.wav	1
8	Waveform 1	1	11.713436200	11.901512854	892.500	3727.500	Procnias_averano-XC228603.wav	1
8	Spectrogram 1	1	11.713436200	11.901512854	892.500	3727.500	Procnias_averano-XC228603.wav	1
9	Waveform 1	1	16.850988984	17.089593695	735.000	3307.500	Procnias_averano-XC228603.wav	1
9	Spectrogram 1	1	16.850988984	17.089593695	735.000	3307.500	Procnias_averano-XC228603.wav	1
10	Waveform 1	1	24.501671061	24.759925572	735.000	4515.000	Procnias_averano-XC228603.wav	1
10	Spectrogram 1	1	24.501671061	24.759925572	735.000	4515.000	Procnias_averano-XC228603.wav	1
11	Waveform 1	1	26.540608339	26.756756136	954.087	4664.423	Procnias_averano-XC228603.wav	1
11	Spectrogram 1	1	26.540608339	26.756756136	954.087	4664.423	Procnias_averano-XC228603.wav	1
12	Waveform 1	1	38.255000821	38.507641103	795.072	4664.423	Procnias_averano-XC228603.wav	1
12	Spectrogram 1	1	38.255000821	38.507641103	795.072	4664.423	Procnias_averano-XC228603.wav	1
