Selection	View	Channel	Begin Time (s)	End Time (s)	Low Freq (Hz)	High Freq (Hz)	Begin File	Tipo
1	Waveform 1	1	22.822296089	22.914930859	810.662	3837.132	Procnias_averano-ML92391091.wav	2
1	Spectrogram 1	1	22.822296089	22.914930859	810.662	3837.132	Procnias_averano-ML92391091.wav	2
2	Waveform 1	1	23.254591683	23.378104710	810.662	3675.000	Procnias_averano-ML92391091.wav	2
2	Spectrogram 1	1	23.254591683	23.378104710	810.662	3675.000	Procnias_averano-ML92391091.wav	2
3	Waveform 1	1	23.700922848	23.821628760	1026.838	3999.265	Procnias_averano-ML92391091.wav	2
3	Spectrogram 1	1	23.700922848	23.821628760	1026.838	3999.265	Procnias_averano-ML92391091.wav	2
4	Waveform 1	1	24.164096698	24.239888783	864.706	4161.397	Procnias_averano-ML92391091.wav	2
4	Spectrogram 1	1	24.164096698	24.239888783	864.706	4161.397	Procnias_averano-ML92391091.wav	2
5	Waveform 1	1	24.627270548	24.714291090	1026.838	3458.824	Procnias_averano-ML92391091.wav	2
5	Spectrogram 1	1	24.627270548	24.714291090	1026.838	3458.824	Procnias_averano-ML92391091.wav	2
6	Waveform 1	1	25.085856252	25.200947936	918.750	4107.353	Procnias_averano-ML92391091.wav	2
6	Spectrogram 1	1	25.085856252	25.200947936	918.750	4107.353	Procnias_averano-ML92391091.wav	2
7	Waveform 1	1	25.518769758	25.692810841	972.794	4161.397	Procnias_averano-ML92391091.wav	2
7	Spectrogram 1	1	25.518769758	25.692810841	972.794	4161.397	Procnias_averano-ML92391091.wav	2
8	Waveform 1	1	25.967908037	26.085806835	756.618	4323.529	Procnias_averano-ML92391091.wav	2
8	Spectrogram 1	1	25.967908037	26.085806835	756.618	4323.529	Procnias_averano-ML92391091.wav	2
9	Waveform 1	1	26.388975173	26.475995715	918.750	3891.176	Procnias_averano-ML92391091.wav	2
9	Spectrogram 1	1	26.388975173	26.475995715	918.750	3891.176	Procnias_averano-ML92391091.wav	2
10	Waveform 1	1	26.812849424	26.908291309	810.662	3675.000	Procnias_averano-ML92391091.wav	2
10	Spectrogram 1	1	26.812849424	26.908291309	810.662	3675.000	Procnias_averano-ML92391091.wav	2
11	Waveform 1	1	27.228119984	27.382511268	972.794	3729.044	Procnias_averano-ML92391091.wav	2
11	Spectrogram 1	1	27.228119984	27.382511268	972.794	3729.044	Procnias_averano-ML92391091.wav	2
12	Waveform 1	1	27.643572892	27.786735719	972.794	3945.221	Procnias_averano-ML92391091.wav	2
12	Spectrogram 1	1	27.643572892	27.786735719	972.794	3945.221	Procnias_averano-ML92391091.wav	2
13	Waveform 1	1	28.070254257	28.224645541	972.794	4215.441	Procnias_averano-ML92391091.wav	2
13	Spectrogram 1	1	28.070254257	28.224645541	972.794	4215.441	Procnias_averano-ML92391091.wav	2
14	Waveform 1	1	28.492441495	28.627182979	918.750	4107.353	Procnias_averano-ML92391091.wav	2
14	Spectrogram 1	1	28.492441495	28.627182979	918.750	4107.353	Procnias_averano-ML92391091.wav	2
15	Waveform 1	1	28.907894404	29.067899915	1026.838	4161.397	Procnias_averano-ML92391091.wav	2
15	Spectrogram 1	1	28.907894404	29.067899915	1026.838	4161.397	Procnias_averano-ML92391091.wav	2
16	Waveform 1	1	29.337382883	29.472124367	972.794	4161.397	Procnias_averano-ML92391091.wav	2
16	Spectrogram 1	1	29.337382883	29.472124367	972.794	4161.397	Procnias_averano-ML92391091.wav	2
17	Waveform 1	1	29.749893086	29.879020341	918.750	4107.353	Procnias_averano-ML92391091.wav	2
17	Spectrogram 1	1	29.749893086	29.879020341	918.750	4107.353	Procnias_averano-ML92391091.wav	2
18	Waveform 1	1	30.137274852	30.322544392	810.662	4161.397	Procnias_averano-ML92391091.wav	2
18	Spectrogram 1	1	30.137274852	30.322544392	810.662	4161.397	Procnias_averano-ML92391091.wav	2
19	Waveform 1	1	30.540701384	30.706321124	972.794	4377.574	Procnias_averano-ML92391091.wav	2
19	Spectrogram 1	1	30.540701384	30.706321124	972.794	4377.574	Procnias_averano-ML92391091.wav	2
20	Waveform 1	1	30.944925835	31.071245976	756.618	4053.309	Procnias_averano-ML92391091.wav	2
20	Spectrogram 1	1	30.944925835	31.071245976	756.618	4053.309	Procnias_averano-ML92391091.wav	2
21	Waveform 1	1	31.343375917	31.545488143	864.706	4161.397	Procnias_averano-ML92391091.wav	2
21	Spectrogram 1	1	31.343375917	31.545488143	864.706	4161.397	Procnias_averano-ML92391091.wav	2
22	Waveform 1	1	31.727950569	31.865499167	918.750	4053.309	Procnias_averano-ML92391091.wav	2
22	Spectrogram 1	1	31.727950569	31.865499167	918.750	4053.309	Procnias_averano-ML92391091.wav	2
23	Waveform 1	1	32.143403477	32.266916504	1080.882	3999.265	Procnias_averano-ML92391091.wav	2
23	Spectrogram 1	1	32.143403477	32.266916504	1080.882	3999.265	Procnias_averano-ML92391091.wav	2
24	Waveform 1	1	32.527684739	32.659619109	702.574	4215.441	Procnias_averano-ML92391091.wav	2
24	Spectrogram 1	1	32.527684739	32.659619109	702.574	4215.441	Procnias_averano-ML92391091.wav	2
25	Waveform 1	1	32.912259391	33.032965303	918.750	4323.529	Procnias_averano-ML92391091.wav	2
25	Spectrogram 1	1	32.912259391	33.032965303	918.750	4323.529	Procnias_averano-ML92391091.wav	2
26	Waveform 1	1	33.299641156	33.451225326	918.750	4431.618	Procnias_averano-ML92391091.wav	2
26	Spectrogram 1	1	33.299641156	33.451225326	918.750	4431.618	Procnias_averano-ML92391091.wav	2
27	Waveform 1	1	33.706672722	33.838607091	1080.882	4863.971	Procnias_averano-ML92391091.wav	2
27	Spectrogram 1	1	33.706672722	33.838607091	1080.882	4863.971	Procnias_averano-ML92391091.wav	2
28	Waveform 1	1	14.481710559	14.608030700	864.706	3783.088	Procnias_averano-ML92391091.wav	2
28	Spectrogram 1	1	14.481710559	14.608030700	864.706	3783.088	Procnias_averano-ML92391091.wav	2
29	Waveform 1	1	15.020676493	15.144189520	1026.838	3999.265	Procnias_averano-ML92391091.wav	2
29	Spectrogram 1	1	15.020676493	15.144189520	1026.838	3999.265	Procnias_averano-ML92391091.wav	2
30	Waveform 1	1	15.551221086	15.674734112	864.706	4107.353	Procnias_averano-ML92391091.wav	2
30	Spectrogram 1	1	15.551221086	15.674734112	864.706	4107.353	Procnias_averano-ML92391091.wav	2
31	Waveform 1	1	16.064672849	16.207835675	810.662	4161.397	Procnias_averano-ML92391091.wav	2
31	Spectrogram 1	1	16.064672849	16.207835675	810.662	4161.397	Procnias_averano-ML92391091.wav	2
32	Waveform 1	1	16.600831669	16.777679867	540.441	4161.397	Procnias_averano-ML92391091.wav	2
32	Spectrogram 1	1	16.600831669	16.777679867	540.441	4161.397	Procnias_averano-ML92391091.wav	2
33	Waveform 1	1	17.148745685	17.277872941	864.706	4918.015	Procnias_averano-ML92391091.wav	2
33	Spectrogram 1	1	17.148745685	17.277872941	864.706	4918.015	Procnias_averano-ML92391091.wav	2
34	Waveform 1	1	17.628762221	17.805610418	864.706	4593.750	Procnias_averano-ML92391091.wav	2
34	Spectrogram 1	1	17.628762221	17.805610418	864.706	4593.750	Procnias_averano-ML92391091.wav	2
35	Waveform 1	1	18.112088060	18.246829544	810.662	3891.176	Procnias_averano-ML92391091.wav	2
35	Spectrogram 1	1	18.112088060	18.246829544	810.662	3891.176	Procnias_averano-ML92391091.wav	2
36	Waveform 1	1	18.597718824	18.740881651	864.706	4323.529	Procnias_averano-ML92391091.wav	2
36	Spectrogram 1	1	18.597718824	18.740881651	864.706	4323.529	Procnias_averano-ML92391091.wav	2
37	Waveform 1	1	19.077735360	19.248969329	864.706	4107.353	Procnias_averano-ML92391091.wav	2
37	Spectrogram 1	1	19.077735360	19.248969329	864.706	4107.353	Procnias_averano-ML92391091.wav	2
38	Waveform 1	1	19.577881676	19.774379673	864.706	3945.221	Procnias_averano-ML92391091.wav	2
38	Spectrogram 1	1	19.577881676	19.774379673	864.706	3945.221	Procnias_averano-ML92391091.wav	2
39	Waveform 1	1	20.012984384	20.161761439	810.662	4215.441	Procnias_averano-ML92391091.wav	2
39	Spectrogram 1	1	20.012984384	20.161761439	810.662	4215.441	Procnias_averano-ML92391091.wav	2
40	Waveform 1	1	20.484579577	20.627742403	756.618	4593.750	Procnias_averano-ML92391091.wav	2
40	Spectrogram 1	1	20.484579577	20.627742403	756.618	4593.750	Procnias_averano-ML92391091.wav	2
41	Waveform 1	1	20.944946313	21.096530482	918.750	4809.926	Procnias_averano-ML92391091.wav	2
41	Spectrogram 1	1	20.944946313	21.096530482	918.750	4809.926	Procnias_averano-ML92391091.wav	2
42	Waveform 1	1	21.894736609	22.108077291	810.662	4431.618	Procnias_averano-ML92391091.wav	2
42	Spectrogram 1	1	21.894736609	22.108077291	810.662	4431.618	Procnias_averano-ML92391091.wav	2
43	Waveform 1	1	11.552266941	11.701043996	864.706	5188.235	Procnias_averano-ML92391091.wav	1
43	Spectrogram 1	1	11.552266941	11.701043996	864.706	5188.235	Procnias_averano-ML92391091.wav	1
44	Waveform 1	1	7.295330638	7.446914807	702.574	5026.103	Procnias_averano-ML92391091.wav	1
44	Spectrogram 1	1	7.295330638	7.446914807	702.574	5026.103	Procnias_averano-ML92391091.wav	1
