Selection	View	Channel	Begin Time (s)	End Time (s)	Low Freq (Hz)	High Freq (Hz)	Begin File	Tipo	Occupancy
1	Waveform 1	1	0.208968254	0.812687075	1000.000	3000.000	Procnias_averano-WA1235386.wav	4	0.9519
1	Spectrogram 1	1	0.208968254	0.812687075	1000.000	3000.000	Procnias_averano-WA1235386.wav	4	0.9519
2	Waveform 1	1	1.143571429	1.793730159	1000.000	3000.000	Procnias_averano-WA1235386.wav	4	0.8661
2	Spectrogram 1	1	1.143571429	1.793730159	1000.000	3000.000	Procnias_averano-WA1235386.wav	4	0.8661
3	Waveform 1	1	2.054954649	2.629648526	1000.000	3000.000	Procnias_averano-WA1235386.wav	4	0.8990
3	Spectrogram 1	1	2.054954649	2.629648526	1000.000	3000.000	Procnias_averano-WA1235386.wav	4	0.8990
4	Waveform 1	1	2.966337868	3.535226757	1000.000	3000.000	Procnias_averano-WA1235386.wav	4	0.9796
4	Spectrogram 1	1	2.966337868	3.535226757	1000.000	3000.000	Procnias_averano-WA1235386.wav	4	0.9796
5	Waveform 1	1	3.912551020	4.522074830	1000.000	3000.000	Procnias_averano-WA1235386.wav	4	0.8190
5	Spectrogram 1	1	3.912551020	4.522074830	1000.000	3000.000	Procnias_averano-WA1235386.wav	4	0.8190
6	Waveform 1	1	4.835544218	5.404433107	1000.000	3000.000	Procnias_averano-WA1235386.wav	4	0.8776
6	Spectrogram 1	1	4.835544218	5.404433107	1000.000	3000.000	Procnias_averano-WA1235386.wav	4	0.8776
7	Waveform 1	1	5.752732426	6.327426304	1000.000	3000.000	Procnias_averano-WA1235386.wav	4	0.8990
7	Spectrogram 1	1	5.752732426	6.327426304	1000.000	3000.000	Procnias_averano-WA1235386.wav	4	0.8990
8	Waveform 1	1	6.658310658	7.244614512	1000.000	3000.000	Procnias_averano-WA1235386.wav	4	0.8713
8	Spectrogram 1	1	6.658310658	7.244614512	1000.000	3000.000	Procnias_averano-WA1235386.wav	4	0.8713
9	Waveform 1	1	7.633548753	8.196632653	1000.000	3000.000	Procnias_averano-WA1235386.wav	4	0.9588
9	Spectrogram 1	1	7.633548753	8.196632653	1000.000	3000.000	Procnias_averano-WA1235386.wav	4	0.9588
10	Waveform 1	1	8.544931973	9.108015873	1000.000	3000.000	Procnias_averano-WA1235386.wav	4	0.9794
10	Spectrogram 1	1	8.544931973	9.108015873	1000.000	3000.000	Procnias_averano-WA1235386.wav	4	0.9794
11	Waveform 1	1	9.491145125	10.100668934	1000.000	3000.000	Procnias_averano-WA1235386.wav	4	0.8190
11	Spectrogram 1	1	9.491145125	10.100668934	1000.000	3000.000	Procnias_averano-WA1235386.wav	4	0.8190
12	Waveform 1	1	10.414138322	10.988832200	1000.000	3000.000	Procnias_averano-WA1235386.wav	4	0.8990
12	Spectrogram 1	1	10.414138322	10.988832200	1000.000	3000.000	Procnias_averano-WA1235386.wav	4	0.8990
13	Waveform 1	1	11.331326531	11.906020408	1000.000	3000.000	Procnias_averano-WA1235386.wav	4	0.8990
13	Spectrogram 1	1	11.331326531	11.906020408	1000.000	3000.000	Procnias_averano-WA1235386.wav	4	0.8990
14	Waveform 1	1	12.236904762	12.921893424	1000.000	3000.000	Procnias_averano-WA1235386.wav	4	0.9407
14	Spectrogram 1	1	12.236904762	12.921893424	1000.000	3000.000	Procnias_averano-WA1235386.wav	4	0.9407
