Selection	View	Channel	Begin Time (s)	End Time (s)	Low Freq (Hz)	High Freq (Hz)	Begin File	Tipo	Occupancy
1	Waveform 1	1	8.624923616	8.759665100	1000.000	3000.000	Procnias_averano-XC8238.wav	2	1.0000
1	Spectrogram 1	1	8.624923616	8.759665100	1000.000	3000.000	Procnias_averano-XC8238.wav	2	1.0000
2	Waveform 1	1	8.922256236	8.986111111	1000.000	3000.000	Procnias_averano-XC8238.wav	2	1.0000
2	Spectrogram 1	1	8.922256236	8.986111111	1000.000	3000.000	Procnias_averano-XC8238.wav	2	1.0000
3	Waveform 1	1	9.264750567	9.305385488	1000.000	3000.000	Procnias_averano-XC8238.wav	2	0.7143
3	Spectrogram 1	1	9.264750567	9.305385488	1000.000	3000.000	Procnias_averano-XC8238.wav	2	0.7143
4	Waveform 1	1	10.364632029	10.507794855	1000.000	3000.000	Procnias_averano-XC8238.wav	2	1.0000
4	Spectrogram 1	1	10.364632029	10.507794855	1000.000	3000.000	Procnias_averano-XC8238.wav	2	1.0000
5	Waveform 1	1	10.628922902	10.750827664	1000.000	3000.000	Procnias_averano-XC8238.wav	2	0.8095
5	Spectrogram 1	1	10.628922902	10.750827664	1000.000	3000.000	Procnias_averano-XC8238.wav	2	0.8095
6	Waveform 1	1	11.197811791	11.284886621	1000.000	3000.000	Procnias_averano-XC8238.wav	2	0.7333
6	Spectrogram 1	1	11.197811791	11.284886621	1000.000	3000.000	Procnias_averano-XC8238.wav	2	0.7333
7	Waveform 1	1	11.526777326	11.650290352	1000.000	3000.000	Procnias_averano-XC8238.wav	2	1.0000
7	Spectrogram 1	1	11.526777326	11.650290352	1000.000	3000.000	Procnias_averano-XC8238.wav	2	1.0000
8	Waveform 1	1	11.795725624	11.894410431	1000.000	3000.000	Procnias_averano-XC8238.wav	2	0.7647
8	Spectrogram 1	1	11.795725624	11.894410431	1000.000	3000.000	Procnias_averano-XC8238.wav	2	0.7647
9	Waveform 1	1	17.140519025	17.269646280	840.000	2835.000	Procnias_averano-XC8238.wav	1	
9	Spectrogram 1	1	17.140519025	17.269646280	840.000	2835.000	Procnias_averano-XC8238.wav	1	
11	Waveform 1	1	8.321755278	8.439654076	1155.000	3307.500	Procnias_averano-XC8238.wav	2	
11	Spectrogram 1	1	8.321755278	8.439654076	1155.000	3307.500	Procnias_averano-XC8238.wav	2	
12	Waveform 1	1	7.162804453	7.255439223	1008.000	3591.000	Procnias_averano-XC8238.wav	2	
12	Spectrogram 1	1	7.162804453	7.255439223	1008.000	3591.000	Procnias_averano-XC8238.wav	2	
13	Waveform 1	1	7.732648644	7.822476300	1008.000	3276.000	Procnias_averano-XC8238.wav	2	
13	Spectrogram 1	1	7.732648644	7.822476300	1008.000	3276.000	Procnias_averano-XC8238.wav	2	
