Selection	View	Channel	Begin Time (s)	End Time (s)	Low Freq (Hz)	High Freq (Hz)	Begin File	Tipo
1	Waveform 1	1	0.352000822	0.622519973	764.740	2485.405	Procnias_averano-ML656180768.wav	2
1	Spectrogram 1	1	0.352000822	0.622519973	764.740	2485.405	Procnias_averano-ML656180768.wav	2
2	Waveform 1	1	0.906076191	1.235262145	1147.110	2357.948	Procnias_averano-ML656180768.wav	2
2	Spectrogram 1	1	0.906076191	1.235262145	1147.110	2357.948	Procnias_averano-ML656180768.wav	2
3	Waveform 1	1	1.473188627	1.802374581	955.925	2549.133	Procnias_averano-ML656180768.wav	2
3	Spectrogram 1	1	1.473188627	1.802374581	955.925	2549.133	Procnias_averano-ML656180768.wav	2
4	Waveform 1	1	2.010967661	2.294523879	892.197	2549.133	Procnias_averano-ML656180768.wav	2
4	Spectrogram 1	1	2.010967661	2.294523879	892.197	2549.133	Procnias_averano-ML656180768.wav	2
5	Waveform 1	1	3.681210272	3.994099892	828.468	2103.035	Procnias_averano-ML656180768.wav	2
5	Spectrogram 1	1	3.681210272	3.994099892	828.468	2103.035	Procnias_averano-ML656180768.wav	2
6	Waveform 1	1	4.248322708	4.570990129	1147.110	2294.220	Procnias_averano-ML656180768.wav	2
6	Spectrogram 1	1	4.248322708	4.570990129	1147.110	2294.220	Procnias_averano-ML656180768.wav	2
7	Waveform 1	1	4.746990540	5.059880160	1019.653	2230.491	Procnias_averano-ML656180768.wav	2
7	Spectrogram 1	1	4.746990540	5.059880160	1019.653	2230.491	Procnias_averano-ML656180768.wav	2
8	Waveform 1	1	5.343436378	5.581362860	764.740	2294.220	Procnias_averano-ML656180768.wav	2
8	Spectrogram 1	1	5.343436378	5.581362860	764.740	2294.220	Procnias_averano-ML656180768.wav	2
9	Waveform 1	1	5.890717155	6.171014107	828.468	2485.405	Procnias_averano-ML656180768.wav	2
9	Spectrogram 1	1	5.890717155	6.171014107	828.468	2485.405	Procnias_averano-ML656180768.wav	2
10	Waveform 1	1	6.441533257	6.744645076	828.468	2676.590	Procnias_averano-ML656180768.wav	2
10	Spectrogram 1	1	6.441533257	6.744645076	828.468	2676.590	Procnias_averano-ML656180768.wav	2
11	Waveform 1	1	6.998867893	7.256349976	701.012	2612.861	Procnias_averano-ML656180768.wav	2
11	Spectrogram 1	1	6.998867893	7.256349976	701.012	2612.861	Procnias_averano-ML656180768.wav	2
12	Waveform 1	1	7.517091325	7.859314347	637.283	2485.405	Procnias_averano-ML656180768.wav	2
12	Spectrogram 1	1	7.517091325	7.859314347	637.283	2485.405	Procnias_averano-ML656180768.wav	2
13	Waveform 1	1	8.087463028	8.384056314	701.012	2676.590	Procnias_averano-ML656180768.wav	2
13	Spectrogram 1	1	8.087463028	8.384056314	701.012	2676.590	Procnias_averano-ML656180768.wav	2
14	Waveform 1	1	15.032617274	15.133654547	892.197	4333.526	Procnias_averano-ML656180768.wav	1
14	Spectrogram 1	1	15.032617274	15.133654547	892.197	4333.526	Procnias_averano-ML656180768.wav	1
15	Waveform 1	1	18.600514631	18.884070849	701.012	2357.948	Procnias_averano-ML656180768.wav	2
15	Spectrogram 1	1	18.600514631	18.884070849	701.012	2357.948	Procnias_averano-ML656180768.wav	2
16	Waveform 1	1	19.167627067	19.460961086	1019.653	2549.133	Procnias_averano-ML656180768.wav	2
16	Spectrogram 1	1	19.167627067	19.460961086	1019.653	2549.133	Procnias_averano-ML656180768.wav	2
17	Waveform 1	1	19.702146834	19.953110384	637.283	2485.405	Procnias_averano-ML656180768.wav	2
17	Spectrogram 1	1	19.702146834	19.953110384	637.283	2485.405	Procnias_averano-ML656180768.wav	2
18	Waveform 1	1	20.780687455	21.080540007	892.197	3632.514	Procnias_averano-ML656180768.wav	2
18	Spectrogram 1	1	20.780687455	21.080540007	892.197	3632.514	Procnias_averano-ML656180768.wav	2
19	Waveform 1	1	21.334762824	21.644393177	637.283	2740.318	Procnias_averano-ML656180768.wav	2
19	Spectrogram 1	1	21.334762824	21.644393177	637.283	2740.318	Procnias_averano-ML656180768.wav	2
20	Waveform 1	1	22.423980698	22.749907386	764.740	2740.318	Procnias_averano-ML656180768.wav	2
20	Spectrogram 1	1	22.423980698	22.749907386	764.740	2740.318	Procnias_averano-ML656180768.wav	2
21	Waveform 1	1	22.974796800	23.271390086	828.468	2804.046	Procnias_averano-ML656180768.wav	2
21	Spectrogram 1	1	22.974796800	23.271390086	828.468	2804.046	Procnias_averano-ML656180768.wav	2
22	Waveform 1	1	23.525612902	23.799391319	828.468	2612.861	Procnias_averano-ML656180768.wav	2
22	Spectrogram 1	1	23.525612902	23.799391319	828.468	2612.861	Procnias_averano-ML656180768.wav	2
23	Waveform 1	1	24.056873402	24.392577890	828.468	2612.861	Procnias_averano-ML656180768.wav	2
23	Spectrogram 1	1	24.056873402	24.392577890	828.468	2612.861	Procnias_averano-ML656180768.wav	2
24	Waveform 1	1	24.631436509	24.970400264	828.468	2612.861	Procnias_averano-ML656180768.wav	2
24	Spectrogram 1	1	24.631436509	24.970400264	828.468	2612.861	Procnias_averano-ML656180768.wav	2
25	Waveform 1	1	25.156178476	25.459290295	764.740	2804.046	Procnias_averano-ML656180768.wav	2
25	Spectrogram 1	1	25.156178476	25.459290295	764.740	2804.046	Procnias_averano-ML656180768.wav	2
26	Waveform 1	1	25.723290912	26.029661998	573.555	2867.775	Procnias_averano-ML656180768.wav	2
26	Spectrogram 1	1	25.723290912	26.029661998	573.555	2867.775	Procnias_averano-ML656180768.wav	2
27	Waveform 1	1	26.823186041	27.116520059	892.197	2612.861	Procnias_averano-ML656180768.wav	2
27	Spectrogram 1	1	26.823186041	27.116520059	892.197	2612.861	Procnias_averano-ML656180768.wav	2
28	Waveform 1	1	27.364224342	27.660817627	701.012	2995.231	Procnias_averano-ML656180768.wav	2
28	Spectrogram 1	1	27.364224342	27.660817627	701.012	2995.231	Procnias_averano-ML656180768.wav	2
29	Waveform 1	1	29.001250559	29.359769916	701.012	2485.405	Procnias_averano-ML656180768.wav	2
29	Spectrogram 1	1	29.001250559	29.359769916	701.012	2485.405	Procnias_averano-ML656180768.wav	2
30	Waveform 1	1	29.558585195	29.861697014	637.283	2612.861	Procnias_averano-ML656180768.wav	2
30	Spectrogram 1	1	29.558585195	29.861697014	637.283	2612.861	Procnias_averano-ML656180768.wav	2
31	Waveform 1	1	30.099623496	30.422290916	509.827	2804.046	Procnias_averano-ML656180768.wav	2
31	Spectrogram 1	1	30.099623496	30.422290916	509.827	2804.046	Procnias_averano-ML656180768.wav	2
32	Waveform 1	1	30.667475765	30.954291250	637.283	2485.405	Procnias_averano-ML656180768.wav	2
32	Spectrogram 1	1	30.667475765	30.954291250	637.283	2485.405	Procnias_averano-ML656180768.wav	2
33	Waveform 1	1	31.205254799	31.596366824	892.197	2676.590	Procnias_averano-ML656180768.wav	2
33	Spectrogram 1	1	31.205254799	31.596366824	892.197	2676.590	Procnias_averano-ML656180768.wav	2
34	Waveform 1	1	31.747304390	32.079749611	573.555	2485.405	Procnias_averano-ML656180768.wav	2
34	Spectrogram 1	1	31.747304390	32.079749611	573.555	2485.405	Procnias_averano-ML656180768.wav	2
35	Waveform 1	1	32.320935360	32.633824980	955.925	2931.503	Procnias_averano-ML656180768.wav	2
35	Spectrogram 1	1	32.320935360	32.633824980	955.925	2931.503	Procnias_averano-ML656180768.wav	2
36	Waveform 1	1	32.852195860	33.236789352	892.197	2612.861	Procnias_averano-ML656180768.wav	2
36	Spectrogram 1	1	32.852195860	33.236789352	892.197	2612.861	Procnias_averano-ML656180768.wav	2
37	Waveform 1	1	33.432345364	33.693086714	828.468	2421.676	Procnias_averano-ML656180768.wav	2
37	Spectrogram 1	1	33.432345364	33.693086714	828.468	2421.676	Procnias_averano-ML656180768.wav	2
38	Waveform 1	1	39.854750497	40.001417507	955.925	4142.341	Procnias_averano-ML656180768.wav	1
38	Spectrogram 1	1	39.854750497	40.001417507	955.925	4142.341	Procnias_averano-ML656180768.wav	1
