Selection	View	Channel	Begin Time (s)	End Time (s)	Low Freq (Hz)	High Freq (Hz)	Begin File	Tipo
1	Waveform 1	1	10.481205434	10.608316842	764.740	2740.318	Procnias_averano-WA472093.wav	1
1	Spectrogram 1	1	10.481205434	10.608316842	764.740	2740.318	Procnias_averano-WA472093.wav	1
2	Waveform 1	1	15.856951121	16.003618130	637.283	3186.416	Procnias_averano-WA472093.wav	1
2	Spectrogram 1	1	15.856951121	16.003618130	637.283	3186.416	Procnias_averano-WA472093.wav	1
3	Waveform 1	1	22.057627337	22.178220211	892.197	3759.971	Procnias_averano-WA472093.wav	1
3	Spectrogram 1	1	22.057627337	22.178220211	892.197	3759.971	Procnias_averano-WA472093.wav	1
4	Waveform 1	1	36.192795597	36.293832870	637.283	3505.058	Procnias_averano-WA472093.wav	1
4	Spectrogram 1	1	36.192795597	36.293832870	637.283	3505.058	Procnias_averano-WA472093.wav	1
5	Waveform 1	1	46.550368786	46.631850458	787.500	4173.750	Procnias_averano-WA472093.wav	1
5	Spectrogram 1	1	46.550368786	46.631850458	787.500	4173.750	Procnias_averano-WA472093.wav	1
6	Waveform 1	1	62.945432985	63.026914657	677.514	3449.162	Procnias_averano-WA472093.wav	1
6	Spectrogram 1	1	62.945432985	63.026914657	677.514	3449.162	Procnias_averano-WA472093.wav	1
7	Waveform 1	1	70.488354984	70.573095923	739.106	3633.939	Procnias_averano-WA472093.wav	1
7	Spectrogram 1	1	70.488354984	70.573095923	739.106	3633.939	Procnias_averano-WA472093.wav	1
8	Waveform 1	1	77.698279787	77.815613394	1047.067	4003.492	Procnias_averano-WA472093.wav	1
8	Spectrogram 1	1	77.698279787	77.815613394	1047.067	4003.492	Procnias_averano-WA472093.wav	1
