Selection	View	Channel	Begin Time (s)	End Time (s)	Low Freq (Hz)	High Freq (Hz)	Begin File	Tipo	Occupancy
2	Waveform 1	1	10.495408163	10.584438102	1000.000	3612.447	Procnias_averano-WA472093.wav 	1	0.9077
2	Spectrogram 1	1	10.495408163	10.584438102	1000.000	3612.447	Procnias_averano-WA472093.wav 	1	0.9077
4	Waveform 1	1	15.882437642	16.012394106	1000.000	2767.979	Procnias_averano-WA472093.wav 	1	0.9365
4	Spectrogram 1	1	15.882437642	16.012394106	1000.000	2767.979	Procnias_averano-WA472093.wav 	1	0.9365
6	Waveform 1	1	22.087970522	22.181426305	1000.000	2908.723	Procnias_averano-WA472093.wav 	1	0.7654
6	Spectrogram 1	1	22.087970522	22.181426305	1000.000	2908.723	Procnias_averano-WA472093.wav 	1	0.7654
8	Waveform 1	1	36.199897959	36.293994695	1000.000	2721.064	Procnias_averano-WA472093.wav 	1	0.8000
8	Spectrogram 1	1	36.199897959	36.293994695	1000.000	2721.064	Procnias_averano-WA472093.wav 	1	0.8000
11	Waveform 1	1	52.564160998	52.660355418	1000.000	3002.553	Procnias_averano-WA472093.wav 	1	0.9500
11	Spectrogram 1	1	52.564160998	52.660355418	1000.000	3002.553	Procnias_averano-WA472093.wav 	1	0.9500
12	Waveform 1	1	62.955090703	63.089449476	1000.000	2908.723	Procnias_averano-WA472093.wav 	1	0.8205
12	Spectrogram 1	1	62.955090703	63.089449476	1000.000	2908.723	Procnias_averano-WA472093.wav 	1	0.8205
14	Waveform 1	1	70.489965986	70.627044430	1000.000	2814.894	Procnias_averano-WA472093.wav 	1	0.7250
14	Spectrogram 1	1	70.489965986	70.627044430	1000.000	2814.894	Procnias_averano-WA472093.wav 	1	0.7250
16	Waveform 1	1	77.717176871	77.841678764	1000.000	2814.894	Procnias_averano-WA472093.wav 	1	0.7558
16	Spectrogram 1	1	77.717176871	77.841678764	1000.000	2814.894	Procnias_averano-WA472093.wav 	1	0.7558
18	Waveform 1	1	88.137131519	88.258818135	1000.000	2674.149	Procnias_averano-WA472093.wav 	1	0.9216
18	Spectrogram 1	1	88.137131519	88.258818135	1000.000	2674.149	Procnias_averano-WA472093.wav 	1	0.9216
20	Waveform 1	1	91.445975057	91.586154039	1000.000	2861.809	Procnias_averano-WA472093.wav 	1	0.9028
20	Spectrogram 1	1	91.445975057	91.586154039	1000.000	2861.809	Procnias_averano-WA472093.wav 	1	0.9028
22	Waveform 1	1	100.072188209	100.208220144	1000.000	2814.894	Procnias_averano-WA472093.wav 	1	0.8592
22	Spectrogram 1	1	100.072188209	100.208220144	1000.000	2814.894	Procnias_averano-WA472093.wav 	1	0.8592
24	Waveform 1	1	103.526156463	103.662791731	1000.000	3049.468	Procnias_averano-WA472093.wav 	1	1.0000
24	Spectrogram 1	1	103.526156463	103.662791731	1000.000	3049.468	Procnias_averano-WA472093.wav 	1	1.0000
25	Waveform 1	1	104.153095238	104.311235122	1000.000	2955.638	Procnias_averano-WA472093.wav 	1	0.7333
25	Spectrogram 1	1	104.153095238	104.311235122	1000.000	2955.638	Procnias_averano-WA472093.wav 	1	0.7333
27	Waveform 1	1	106.109376417	106.312551020	1000.000	3000.000	Procnias_averano-WA472093.wav 	1	0.8571
27	Spectrogram 1	1	106.109376417	106.312551020	1000.000	3000.000	Procnias_averano-WA472093.wav 	1	0.8571
28	Waveform 1	1	108.901575964	109.087335601	1000.000	3000.000	Procnias_averano-WA472093.wav 	1	0.8750
28	Spectrogram 1	1	108.901575964	109.087335601	1000.000	3000.000	Procnias_averano-WA472093.wav 	1	0.8750
29	Waveform 1	1	109.522709751	109.725884354	1000.000	3000.000	Procnias_averano-WA472093.wav 	1	0.8286
29	Spectrogram 1	1	109.522709751	109.725884354	1000.000	3000.000	Procnias_averano-WA472093.wav 	1	0.8286
34	Waveform 1	1	120.883072562	121.063529081	1000.000	2908.723	Procnias_averano-WA472093.wav 	1	0.7500
34	Spectrogram 1	1	120.883072562	121.063529081	1000.000	2908.723	Procnias_averano-WA472093.wav 	1	0.7500
