Selection	View	Channel	Begin Time (s)	End Time (s)	Low Freq (Hz)	High Freq (Hz)	Begin File	Tipo
1	Waveform 1	1	23.091779057	23.243363226	888.270	4807.109	Procnias_averano-ML627749586.wav	2
1	Spectrogram 1	1	23.091779057	23.243363226	888.270	4807.109	Procnias_averano-ML627749586.wav	2
2	Waveform 1	1	23.787943389	23.905842188	836.019	5329.621	Procnias_averano-ML627749586.wav	2
2	Spectrogram 1	1	23.787943389	23.905842188	836.019	5329.621	Procnias_averano-ML627749586.wav	2
3	Waveform 1	1	24.540250007	24.708676861	731.517	4963.863	Procnias_averano-ML627749586.wav	2
3	Spectrogram 1	1	24.540250007	24.708676861	731.517	4963.863	Procnias_averano-ML627749586.wav	2
4	Waveform 1	1	25.211150311	25.340277566	731.517	5434.123	Procnias_averano-ML627749586.wav	2
4	Spectrogram 1	1	25.211150311	25.340277566	731.517	5434.123	Procnias_averano-ML627749586.wav	2
5	Waveform 1	1	25.861882681	26.013466850	888.270	4650.355	Procnias_averano-ML627749586.wav	2
5	Spectrogram 1	1	25.861882681	26.013466850	888.270	4650.355	Procnias_averano-ML627749586.wav	2
6	Waveform 1	1	26.524361643	26.687174269	783.768	5068.365	Procnias_averano-ML627749586.wav	2
6	Spectrogram 1	1	26.524361643	26.687174269	783.768	5068.365	Procnias_averano-ML627749586.wav	2
7	Waveform 1	1	27.459948231	27.639603543	992.773	4232.346	Procnias_averano-ML627749586.wav	1
7	Spectrogram 1	1	27.459948231	27.639603543	992.773	4232.346	Procnias_averano-ML627749586.wav	1
8	Waveform 1	1	28.990641071	29.195560411	888.270	4284.597	Procnias_averano-ML627749586.wav	2
8	Spectrogram 1	1	28.990641071	29.195560411	888.270	4284.597	Procnias_averano-ML627749586.wav	2
9	Waveform 1	1	10.028422281	10.122941021	612.500	5512.500	Procnias_averano-ML627749586.wav	1
9	Spectrogram 1	1	10.028422281	10.122941021	612.500	5512.500	Procnias_averano-ML627749586.wav	1
10	Waveform 1	1	6.068840292	6.186173899	490.000	4777.500	Procnias_averano-ML627749586.wav	1
10	Spectrogram 1	1	6.068840292	6.186173899	490.000	4777.500	Procnias_averano-ML627749586.wav	1
11	Waveform 1	1	0.677927510	0.762668448	735.000	5880.000	Procnias_averano-ML627749586.wav	1
11	Spectrogram 1	1	0.677927510	0.762668448	735.000	5880.000	Procnias_averano-ML627749586.wav	1
