Selection	View	Channel	Begin Time (s)	End Time (s)	Low Freq (Hz)	High Freq (Hz)	Begin File	Tipo
1	Waveform 1	1	3.287492427	3.422233911	760.345	5159.483	Procnias_averano-ML92406181.wav	1
1	Spectrogram 1	1	3.287492427	3.422233911	760.345	5159.483	Procnias_averano-ML92406181.wav	1
2	Waveform 1	1	6.461926229	6.593860599	814.655	5322.414	Procnias_averano-ML92406181.wav	1
2	Spectrogram 1	1	6.461926229	6.593860599	814.655	5322.414	Procnias_averano-ML92406181.wav	1
3	Waveform 1	1	9.970407123	10.121991292	651.724	5213.793	Procnias_averano-ML92406181.wav	1
3	Spectrogram 1	1	9.970407123	10.121991292	651.724	5213.793	Procnias_averano-ML92406181.wav	1
4	Waveform 1	1	15.524524259	15.662072857	814.655	5268.103	Procnias_averano-ML92406181.wav	1
4	Spectrogram 1	1	15.524524259	15.662072857	814.655	5268.103	Procnias_averano-ML92406181.wav	1
5	Waveform 1	1	18.685325651	18.811645792	720.226	5207.789	Procnias_averano-ML92406181.wav	1
5	Spectrogram 1	1	18.685325651	18.811645792	720.226	5207.789	Procnias_averano-ML92406181.wav	1
6	Waveform 1	1	20.938720617	21.056619415	720.226	4986.181	Procnias_averano-ML92406181.wav	2
6	Spectrogram 1	1	20.938720617	21.056619415	720.226	4986.181	Procnias_averano-ML92406181.wav	2
7	Waveform 1	1	22.108110535	22.265308933	886.432	4930.779	Procnias_averano-ML92406181.wav	2
7	Spectrogram 1	1	22.108110535	22.265308933	886.432	4930.779	Procnias_averano-ML92406181.wav	2
8	Waveform 1	1	23.205692205	23.315169660	941.834	4986.181	Procnias_averano-ML92406181.wav	2
8	Spectrogram 1	1	23.205692205	23.315169660	941.834	4986.181	Procnias_averano-ML92406181.wav	2
9	Waveform 1	1	24.144931024	24.274058279	886.432	4598.367	Procnias_averano-ML92406181.wav	2
9	Spectrogram 1	1	24.144931024	24.274058279	886.432	4598.367	Procnias_averano-ML92406181.wav	2
10	Waveform 1	1	25.039806491	25.191390661	886.432	4764.573	Procnias_averano-ML92406181.wav	2
10	Spectrogram 1	1	25.039806491	25.191390661	886.432	4764.573	Procnias_averano-ML92406181.wav	2
11	Waveform 1	1	25.895976336	26.022296477	664.824	4653.769	Procnias_averano-ML92406181.wav	2
11	Spectrogram 1	1	25.895976336	26.022296477	664.824	4653.769	Procnias_averano-ML92406181.wav	2
12	Waveform 1	1	26.756953093	26.902923033	941.834	4875.377	Procnias_averano-ML92406181.wav	2
12	Spectrogram 1	1	26.756953093	26.902923033	941.834	4875.377	Procnias_averano-ML92406181.wav	2
13	Waveform 1	1	27.312761713	27.447503197	775.628	5207.789	Procnias_averano-ML92406181.wav	2
13	Spectrogram 1	1	27.312761713	27.447503197	775.628	5207.789	Procnias_averano-ML92406181.wav	2
