Selection	View	Channel	Begin Time (s)	End Time (s)	Low Freq (Hz)	High Freq (Hz)	Begin File	Tipo
1	Waveform 1	1	4.642486325	4.733745797	764.740	4078.613	Procnias_averano-ML653422065.wav	1
1	Spectrogram 1	1	4.642486325	4.733745797	764.740	4078.613	Procnias_averano-ML653422065.wav	1
2	Waveform 1	1	9.580151960	9.677929966	764.740	4333.526	Procnias_averano-ML653422065.wav	1
2	Spectrogram 1	1	9.580151960	9.677929966	764.740	4333.526	Procnias_averano-ML653422065.wav	1
3	Waveform 1	1	15.969994482	16.071031755	637.283	4014.884	Procnias_averano-ML653422065.wav	1
3	Spectrogram 1	1	15.969994482	16.071031755	637.283	4014.884	Procnias_averano-ML653422065.wav	1
4	Waveform 1	1	20.811596748	20.893078420	828.468	4269.798	Procnias_averano-ML653422065.wav	1
4	Spectrogram 1	1	20.811596748	20.893078420	828.468	4269.798	Procnias_averano-ML653422065.wav	1
5	Waveform 1	1	24.327792114	24.425570120	892.197	3951.156	Procnias_averano-ML653422065.wav	1
5	Spectrogram 1	1	24.327792114	24.425570120	892.197	3951.156	Procnias_averano-ML653422065.wav	1
6	Waveform 1	1	29.711161007	29.808939013	828.468	3887.428	Procnias_averano-ML653422065.wav	1
6	Spectrogram 1	1	29.711161007	29.808939013	828.468	3887.428	Procnias_averano-ML653422065.wav	1
7	Waveform 1	1	34.473597843	34.571375849	637.283	4078.613	Procnias_averano-ML653422065.wav	1
7	Spectrogram 1	1	34.473597843	34.571375849	637.283	4078.613	Procnias_averano-ML653422065.wav	1
8	Waveform 1	1	37.796425875	37.884426081	637.283	4078.613	Procnias_averano-ML653422065.wav	1
8	Spectrogram 1	1	37.796425875	37.884426081	637.283	4078.613	Procnias_averano-ML653422065.wav	1
9	Waveform 1	1	40.450801570	40.551838843	828.468	3951.156	Procnias_averano-ML653422065.wav	1
9	Spectrogram 1	1	40.450801570	40.551838843	828.468	3951.156	Procnias_averano-ML653422065.wav	1
10	Waveform 1	1	42.292544729	42.390322735	764.740	4269.798	Procnias_averano-ML653422065.wav	1
10	Spectrogram 1	1	42.292544729	42.390322735	764.740	4269.798	Procnias_averano-ML653422065.wav	1
11	Waveform 1	1	44.583897270	44.697971611	701.012	4206.069	Procnias_averano-ML653422065.wav	1
11	Spectrogram 1	1	44.583897270	44.697971611	701.012	4206.069	Procnias_averano-ML653422065.wav	1
12	Waveform 1	1	49.479491974	49.789122327	892.197	2804.046	Procnias_averano-ML653422065.wav	2
12	Spectrogram 1	1	49.479491974	49.789122327	892.197	2804.046	Procnias_averano-ML653422065.wav	2
13	Waveform 1	1	50.861421128	51.122162478	637.283	2931.503	Procnias_averano-ML653422065.wav	2
13	Spectrogram 1	1	50.861421128	51.122162478	637.283	2931.503	Procnias_averano-ML653422065.wav	2
14	Waveform 1	1	51.362191627	51.639229311	828.468	2740.318	Procnias_averano-ML653422065.wav	2
14	Spectrogram 1	1	51.362191627	51.639229311	828.468	2740.318	Procnias_averano-ML653422065.wav	2
15	Waveform 1	1	54.580420490	54.795532104	828.468	3250.145	Procnias_averano-ML653422065.wav	2
15	Spectrogram 1	1	54.580420490	54.795532104	828.468	3250.145	Procnias_averano-ML653422065.wav	2
16	Waveform 1	1	55.059532721	55.297459203	828.468	3313.873	Procnias_averano-ML653422065.wav	2
16	Spectrogram 1	1	55.059532721	55.297459203	828.468	3313.873	Procnias_averano-ML653422065.wav	2
17	Waveform 1	1	55.607089556	55.845016038	828.468	3313.873	Procnias_averano-ML653422065.wav	2
17	Spectrogram 1	1	55.607089556	55.845016038	828.468	3313.873	Procnias_averano-ML653422065.wav	2
18	Waveform 1	1	56.600183293	56.825072708	764.740	2931.503	Procnias_averano-ML653422065.wav	2
18	Spectrogram 1	1	56.600183293	56.825072708	764.740	2931.503	Procnias_averano-ML653422065.wav	2
19	Waveform 1	1	57.059739922	57.287888604	764.740	3441.329	Procnias_averano-ML653422065.wav	2
19	Spectrogram 1	1	57.059739922	57.287888604	764.740	3441.329	Procnias_averano-ML653422065.wav	2
20	Waveform 1	1	57.529074352	57.727889632	892.197	3759.971	Procnias_averano-ML653422065.wav	2
20	Spectrogram 1	1	57.529074352	57.727889632	892.197	3759.971	Procnias_averano-ML653422065.wav	2
21	Waveform 1	1	57.982112448	58.174409193	955.925	3441.329	Procnias_averano-ML653422065.wav	2
21	Spectrogram 1	1	57.982112448	58.174409193	955.925	3441.329	Procnias_averano-ML653422065.wav	2
22	Waveform 1	1	58.914050322	59.132421203	637.283	3441.329	Procnias_averano-ML653422065.wav	2
22	Spectrogram 1	1	58.914050322	59.132421203	637.283	3441.329	Procnias_averano-ML653422065.wav	2
23	Waveform 1	1	59.373606951	59.552866630	892.197	3759.971	Procnias_averano-ML653422065.wav	2
23	Spectrogram 1	1	59.373606951	59.552866630	892.197	3759.971	Procnias_averano-ML653422065.wav	2
24	Waveform 1	1	59.810348713	59.927682320	892.197	4014.884	Procnias_averano-ML653422065.wav	2
24	Spectrogram 1	1	59.810348713	59.927682320	892.197	4014.884	Procnias_averano-ML653422065.wav	2
25	Waveform 1	1	60.266646075	60.400276017	764.740	4652.168	Procnias_averano-ML653422065.wav	2
25	Spectrogram 1	1	60.266646075	60.400276017	764.740	4652.168	Procnias_averano-ML653422065.wav	2
26	Waveform 1	1	61.138503170	61.281910913	892.197	3887.428	Procnias_averano-ML653422065.wav	2
26	Spectrogram 1	1	61.138503170	61.281910913	892.197	3887.428	Procnias_averano-ML653422065.wav	2
27	Waveform 1	1	61.526355928	61.682800738	573.555	3951.156	Procnias_averano-ML653422065.wav	2
27	Spectrogram 1	1	61.526355928	61.682800738	573.555	3951.156	Procnias_averano-ML653422065.wav	2
28	Waveform 1	1	61.992431091	62.119542499	892.197	3887.428	Procnias_averano-ML653422065.wav	2
28	Spectrogram 1	1	61.992431091	62.119542499	892.197	3887.428	Procnias_averano-ML653422065.wav	2
29	Waveform 1	1	62.429172852	62.569321328	955.925	4333.526	Procnias_averano-ML653422065.wav	2
29	Spectrogram 1	1	62.429172852	62.569321328	955.925	4333.526	Procnias_averano-ML653422065.wav	2
30	Waveform 1	1	62.869173880	63.006063089	828.468	4269.798	Procnias_averano-ML653422065.wav	2
30	Spectrogram 1	1	62.869173880	63.006063089	828.468	4269.798	Procnias_averano-ML653422065.wav	2
31	Waveform 1	1	63.283100773	63.455841918	955.925	4715.896	Procnias_averano-ML653422065.wav	2
31	Spectrogram 1	1	63.283100773	63.455841918	955.925	4715.896	Procnias_averano-ML653422065.wav	2
32	Waveform 1	1	63.738241536	63.826241741	828.468	3887.428	Procnias_averano-ML653422065.wav	2
32	Spectrogram 1	1	63.738241536	63.826241741	828.468	3887.428	Procnias_averano-ML653422065.wav	2
33	Waveform 1	1	64.155427695	64.334687373	637.283	3759.971	Procnias_averano-ML653422065.wav	2
33	Spectrogram 1	1	64.155427695	64.334687373	637.283	3759.971	Procnias_averano-ML653422065.wav	2
34	Waveform 1	1	64.572613855	64.745355000	764.740	3887.428	Procnias_averano-ML653422065.wav	2
34	Spectrogram 1	1	64.572613855	64.745355000	764.740	3887.428	Procnias_averano-ML653422065.wav	2
35	Waveform 1	1	65.012614883	65.159281893	892.197	4333.526	Procnias_averano-ML653422065.wav	2
35	Spectrogram 1	1	65.012614883	65.159281893	892.197	4333.526	Procnias_averano-ML653422065.wav	2
36	Waveform 1	1	65.462393712	65.599282921	892.197	3951.156	Procnias_averano-ML653422065.wav	2
36	Spectrogram 1	1	65.462393712	65.599282921	892.197	3951.156	Procnias_averano-ML653422065.wav	2
37	Waveform 1	1	65.908913274	66.045802482	892.197	3951.156	Procnias_averano-ML653422065.wav	2
37	Spectrogram 1	1	65.908913274	66.045802482	892.197	3951.156	Procnias_averano-ML653422065.wav	2
38	Waveform 1	1	66.336265544	66.473154753	828.468	3696.243	Procnias_averano-ML653422065.wav	2
38	Spectrogram 1	1	66.336265544	66.473154753	828.468	3696.243	Procnias_averano-ML653422065.wav	2
39	Waveform 1	1	66.743673904	66.896859447	892.197	4269.798	Procnias_averano-ML653422065.wav	2
39	Spectrogram 1	1	66.743673904	66.896859447	892.197	4269.798	Procnias_averano-ML653422065.wav	2
40	Waveform 1	1	67.164119330	67.294490005	955.925	4014.884	Procnias_averano-ML653422065.wav	2
40	Spectrogram 1	1	67.164119330	67.294490005	955.925	4014.884	Procnias_averano-ML653422065.wav	2
41	Waveform 1	1	67.571527690	67.682342763	892.197	4524.711	Procnias_averano-ML653422065.wav	2
41	Spectrogram 1	1	67.571527690	67.682342763	892.197	4524.711	Procnias_averano-ML653422065.wav	2
42	Waveform 1	1	67.978936049	68.083232589	892.197	3951.156	Procnias_averano-ML653422065.wav	2
42	Spectrogram 1	1	67.978936049	68.083232589	892.197	3951.156	Procnias_averano-ML653422065.wav	2
43	Waveform 1	1	68.210343997	68.317899804	892.197	3951.156	Procnias_averano-ML653422065.wav	2
43	Spectrogram 1	1	68.210343997	68.317899804	892.197	3951.156	Procnias_averano-ML653422065.wav	2
44	Waveform 1	1	68.392862942	68.529752151	955.925	3951.156	Procnias_averano-ML653422065.wav	2
44	Spectrogram 1	1	68.392862942	68.529752151	955.925	3951.156	Procnias_averano-ML653422065.wav	2
45	Waveform 1	1	68.836123237	68.937160510	701.012	4014.884	Procnias_averano-ML653422065.wav	2
45	Spectrogram 1	1	68.836123237	68.937160510	701.012	4014.884	Procnias_averano-ML653422065.wav	2
