Selection	View	Channel	Begin Time (s)	End Time (s)	Low Freq (Hz)	High Freq (Hz)	Begin File	Tipo
1	Waveform 1	1	0.814816718	0.971261528	828.468	4269.798	Procnias_averano-XC512356.wav	1
1	Spectrogram 1	1	0.814816718	0.971261528	828.468	4269.798	Procnias_averano-XC512356.wav	1
2	Waveform 1	1	8.939602279	9.083010021	637.283	4206.069	Procnias_averano-XC512356.wav	1
2	Spectrogram 1	1	8.939602279	9.083010021	637.283	4206.069	Procnias_averano-XC512356.wav	1
3	Waveform 1	1	19.270168152	19.384242493	573.555	4460.983	Procnias_averano-XC512356.wav	1
3	Spectrogram 1	1	19.270168152	19.384242493	573.555	4460.983	Procnias_averano-XC512356.wav	1
4	Waveform 1	1	26.052385447	26.199052457	764.740	3887.428	Procnias_averano-XC512356.wav	1
4	Spectrogram 1	1	26.052385447	26.199052457	764.740	3887.428	Procnias_averano-XC512356.wav	1
5	Waveform 1	1	27.362610731	27.506018473	892.197	4333.526	Procnias_averano-XC512356.wav	1
5	Spectrogram 1	1	27.362610731	27.506018473	892.197	4333.526	Procnias_averano-XC512356.wav	1
6	Waveform 1	1	32.802928613	32.943077088	701.012	4588.439	Procnias_averano-XC512356.wav	1
6	Spectrogram 1	1	32.802928613	32.943077088	701.012	4588.439	Procnias_averano-XC512356.wav	1
7	Waveform 1	1	62.403662638	62.556848182	892.197	4078.613	Procnias_averano-XC512356.wav	1
7	Spectrogram 1	1	62.403662638	62.556848182	892.197	4078.613	Procnias_averano-XC512356.wav	1
8	Waveform 1	1	69.057601725	69.181453866	637.283	4460.983	Procnias_averano-XC512356.wav	1
8	Spectrogram 1	1	69.057601725	69.181453866	637.283	4460.983	Procnias_averano-XC512356.wav	1
9	Waveform 1	1	78.428098933	78.561728875	955.925	4078.613	Procnias_averano-XC512356.wav	1
9	Spectrogram 1	1	78.428098933	78.561728875	955.925	4078.613	Procnias_averano-XC512356.wav	1
10	Waveform 1	1	85.293884665	85.440551675	892.197	4588.439	Procnias_averano-XC512356.wav	1
10	Spectrogram 1	1	85.293884665	85.440551675	892.197	4588.439	Procnias_averano-XC512356.wav	1
11	Waveform 1	1	96.355695970	96.476288844	892.197	4269.798	Procnias_averano-XC512356.wav	1
11	Spectrogram 1	1	96.355695970	96.476288844	892.197	4269.798	Procnias_averano-XC512356.wav	1
12	Waveform 1	1	114.230899325	114.354751466	892.197	4652.168	Procnias_averano-XC512356.wav	1
12	Spectrogram 1	1	114.230899325	114.354751466	892.197	4652.168	Procnias_averano-XC512356.wav	1
13	Waveform 1	1	134.392688687	134.539355697	764.740	2549.133	Procnias_averano-XC512356.wav	2
13	Spectrogram 1	1	134.392688687	134.539355697	764.740	2549.133	Procnias_averano-XC512356.wav	2
14	Waveform 1	1	135.005430860	135.204246139	828.468	2421.676	Procnias_averano-XC512356.wav	2
14	Spectrogram 1	1	135.005430860	135.204246139	828.468	2421.676	Procnias_averano-XC512356.wav	2
15	Waveform 1	1	135.689876903	135.849580980	573.555	2421.676	Procnias_averano-XC512356.wav	2
15	Spectrogram 1	1	135.689876903	135.849580980	573.555	2421.676	Procnias_averano-XC512356.wav	2
16	Waveform 1	1	136.432487526	136.615006471	764.740	2549.133	Procnias_averano-XC512356.wav	2
16	Spectrogram 1	1	136.432487526	136.615006471	764.740	2549.133	Procnias_averano-XC512356.wav	2
17	Waveform 1	1	137.100637235	137.341822984	892.197	2294.220	Procnias_averano-XC512356.wav	2
17	Spectrogram 1	1	137.100637235	137.341822984	892.197	2294.220	Procnias_averano-XC512356.wav	2
18	Waveform 1	1	130.327028089	130.454139498	892.197	2676.590	Procnias_averano-XC512356.wav	2
18	Spectrogram 1	1	130.327028089	130.454139498	892.197	2676.590	Procnias_averano-XC512356.wav	2
19	Waveform 1	1	131.004955599	131.167918943	892.197	2867.775	Procnias_averano-XC512356.wav	2
19	Spectrogram 1	1	131.004955599	131.167918943	892.197	2867.775	Procnias_averano-XC512356.wav	2
20	Waveform 1	1	131.937105925	132.148958272	892.197	2804.046	Procnias_averano-XC512356.wav	2
20	Spectrogram 1	1	131.937105925	132.148958272	892.197	2804.046	Procnias_averano-XC512356.wav	2
21	Waveform 1	1	153.064070274	153.210737283	764.740	4588.439	Procnias_averano-XC512356.wav	1
21	Spectrogram 1	1	153.064070274	153.210737283	764.740	4588.439	Procnias_averano-XC512356.wav	1
22	Waveform 1	1	161.636549323	161.753882930	573.555	4460.983	Procnias_averano-XC512356.wav	1
22	Spectrogram 1	1	161.636549323	161.753882930	573.555	4460.983	Procnias_averano-XC512356.wav	1
23	Waveform 1	1	167.197465780	167.350651323	892.197	3122.688	Procnias_averano-XC512356.wav	2
23	Spectrogram 1	1	167.197465780	167.350651323	892.197	3122.688	Procnias_averano-XC512356.wav	2
24	Waveform 1	1	167.780874550	167.995986164	955.925	2676.590	Procnias_averano-XC512356.wav	2
24	Spectrogram 1	1	167.780874550	167.995986164	955.925	2676.590	Procnias_averano-XC512356.wav	2
25	Waveform 1	1	168.931395757	169.185618573	828.468	2549.133	Procnias_averano-XC512356.wav	2
25	Spectrogram 1	1	168.931395757	169.185618573	828.468	2549.133	Procnias_averano-XC512356.wav	2
26	Waveform 1	1	183.399316123	183.549242400	828.468	4397.254	Procnias_averano-XC512356.wav	1
26	Spectrogram 1	1	183.399316123	183.549242400	828.468	4397.254	Procnias_averano-XC512356.wav	1
27	Waveform 1	1	198.062792502	198.176866843	1083.382	4524.711	Procnias_averano-XC512356.wav	1
27	Spectrogram 1	1	198.062792502	198.176866843	1083.382	4524.711	Procnias_averano-XC512356.wav	1
28	Waveform 1	1	233.913302270	234.066487813	701.012	4843.353	Procnias_averano-XC512356.wav	1
28	Spectrogram 1	1	233.913302270	234.066487813	701.012	4843.353	Procnias_averano-XC512356.wav	1
29	Waveform 1	1	305.317996734	305.467923010	764.740	4397.254	Procnias_averano-XC512356.wav	1
29	Spectrogram 1	1	305.317996734	305.467923010	764.740	4397.254	Procnias_averano-XC512356.wav	1
30	Waveform 1	1	310.989985078	311.120355753	701.012	4779.624	Procnias_averano-XC512356.wav	1
30	Spectrogram 1	1	310.989985078	311.120355753	701.012	4779.624	Procnias_averano-XC512356.wav	1
31	Waveform 1	1	316.459876073	316.590246748	637.283	4460.983	Procnias_averano-XC512356.wav	1
31	Spectrogram 1	1	316.459876073	316.590246748	637.283	4460.983	Procnias_averano-XC512356.wav	1
32	Waveform 1	1	322.530663201	322.644737542	637.283	4652.168	Procnias_averano-XC512356.wav	1
32	Spectrogram 1	1	322.530663201	322.644737542	637.283	4652.168	Procnias_averano-XC512356.wav	1
33	Waveform 1	1	346.752740051	346.889629260	828.468	4588.439	Procnias_averano-XC512356.wav	1
33	Spectrogram 1	1	346.752740051	346.889629260	828.468	4588.439	Procnias_averano-XC512356.wav	1
