Selection	View	Channel	Begin Time (s)	End Time (s)	Low Freq (Hz)	High Freq (Hz)	Begin File	Tipo
1	Waveform 1	1	2.163099994	2.236084964	748.611	4355.556	Procnias_averano-ML616232538.wav	1
1	Spectrogram 1	1	2.163099994	2.236084964	748.611	4355.556	Procnias_averano-ML616232538.wav	1
2	Waveform 1	1	5.943333131	6.041582130	748.611	3266.667	Procnias_averano-ML616232538.wav	1
2	Spectrogram 1	1	5.943333131	6.041582130	748.611	3266.667	Procnias_averano-ML616232538.wav	1
3	Waveform 1	1	9.305246785	9.451216725	476.389	2177.778	Procnias_averano-ML616232538.wav	2
3	Spectrogram 1	1	9.305246785	9.451216725	476.389	2177.778	Procnias_averano-ML616232538.wav	2
4	Waveform 1	1	10.091238773	10.214751800	748.611	1905.556	Procnias_averano-ML616232538.wav	2
4	Spectrogram 1	1	10.091238773	10.214751800	748.611	1905.556	Procnias_averano-ML616232538.wav	2
5	Waveform 1	1	10.884636130	11.067098556	816.667	2177.778	Procnias_averano-ML616232538.wav	2
5	Spectrogram 1	1	10.884636130	11.067098556	816.667	2177.778	Procnias_averano-ML616232538.wav	2
6	Waveform 1	1	11.564504868	11.822759379	680.556	2450.000	Procnias_averano-ML616232538.wav	2
6	Spectrogram 1	1	11.564504868	11.822759379	680.556	2450.000	Procnias_averano-ML616232538.wav	2
7	Waveform 1	1	12.389796456	12.600330025	952.778	2654.167	Procnias_averano-ML616232538.wav	2
7	Spectrogram 1	1	12.389796456	12.600330025	952.778	2654.167	Procnias_averano-ML616232538.wav	2
8	Waveform 1	1	13.107962558	13.290424984	952.778	2790.278	Procnias_averano-ML616232538.wav	2
8	Spectrogram 1	1	13.107962558	13.290424984	952.778	2790.278	Procnias_averano-ML616232538.wav	2
