Selection	View	Channel	Begin Time (s)	End Time (s)	Low Freq (Hz)	High Freq (Hz)	Begin File	Tipo
1	Waveform 1	1	4.981022229	5.083189754	434.500	12274.100	Procnias_averano-ML7284.wav	1
1	Spectrogram 1	1	4.981022229	5.083189754	434.500	12274.100	Procnias_averano-ML7284.wav	1
2	Waveform 1	1	19.932664221	20.024944566	543.100	14881.000	Procnias_averano-ML7284.wav	1
2	Spectrogram 1	1	19.932664221	20.024944566	543.100	14881.000	Procnias_averano-ML7284.wav	1
3	Waveform 1	1	40.794948617	40.874046056	651.700	11513.800	Procnias_averano-ML7284.wav	1
3	Spectrogram 1	1	40.794948617	40.874046056	651.700	11513.800	Procnias_averano-ML7284.wav	1
4	Waveform 1	1	67.053961104	67.170959399	760.300	10536.200	Procnias_averano-ML7284.wav	1
4	Spectrogram 1	1	67.053961104	67.170959399	760.300	10536.200	Procnias_averano-ML7284.wav	1
5	Waveform 1	1	70.922346805	71.052528006	977.600	11405.200	Procnias_averano-ML7284.wav	1
5	Spectrogram 1	1	70.922346805	71.052528006	977.600	11405.200	Procnias_averano-ML7284.wav	1
6	Waveform 1	1	74.490973076	74.601379917	869.000	12382.800	Procnias_averano-ML7284.wav	1
6	Spectrogram 1	1	74.490973076	74.601379917	869.000	12382.800	Procnias_averano-ML7284.wav	1
7	Waveform 1	1	127.799921873	127.923511621	869.000	7929.300	Procnias_averano-ML7284.wav	2
7	Spectrogram 1	1	127.799921873	127.923511621	869.000	7929.300	Procnias_averano-ML7284.wav	2
8	Waveform 1	1	128.215183427	128.333829585	760.300	8146.600	Procnias_averano-ML7284.wav	2
8	Spectrogram 1	1	128.215183427	128.333829585	760.300	8146.600	Procnias_averano-ML7284.wav	2
9	Waveform 1	1	129.083999695	129.207589443	651.700	8472.400	Procnias_averano-ML7284.wav	2
9	Spectrogram 1	1	129.083999695	129.207589443	651.700	8472.400	Procnias_averano-ML7284.wav	2
10	Waveform 1	1	129.504204839	129.647568946	760.300	8689.700	Procnias_averano-ML7284.wav	2
10	Spectrogram 1	1	129.504204839	129.647568946	760.300	8689.700	Procnias_averano-ML7284.wav	2
11	Waveform 1	1	145.546956172	145.647475834	869.000	11839.700	Procnias_averano-ML7284.wav	1
11	Spectrogram 1	1	145.546956172	145.647475834	869.000	11839.700	Procnias_averano-ML7284.wav	1
12	Waveform 1	1	155.499341598	155.616339893	543.100	12600.000	Procnias_averano-ML7284.wav	1
12	Spectrogram 1	1	155.499341598	155.616339893	543.100	12600.000	Procnias_averano-ML7284.wav	1
13	Waveform 1	1	161.291343119	161.388567054	434.500	11296.600	Procnias_averano-ML7284.wav	1
13	Spectrogram 1	1	161.291343119	161.388567054	434.500	11296.600	Procnias_averano-ML7284.wav	1
14	Waveform 1	1	168.299961194	168.392241539	760.300	7060.300	Procnias_averano-ML7284.wav	2
14	Spectrogram 1	1	168.299961194	168.392241539	760.300	7060.300	Procnias_averano-ML7284.wav	2
15	Waveform 1	1	168.716870611	168.832221042	869.000	8037.900	Procnias_averano-ML7284.wav	2
15	Spectrogram 1	1	168.716870611	168.832221042	869.000	8037.900	Procnias_averano-ML7284.wav	2
16	Waveform 1	1	169.127363281	169.231178670	651.700	8037.900	Procnias_averano-ML7284.wav	2
16	Spectrogram 1	1	169.127363281	169.231178670	651.700	8037.900	Procnias_averano-ML7284.wav	2
17	Waveform 1	1	176.303946943	176.376452928	1303.400	6625.900	Procnias_averano-ML7284.wav	2
17	Spectrogram 1	1	176.303946943	176.376452928	1303.400	6625.900	Procnias_averano-ML7284.wav	2
18	Waveform 1	1	176.730743539	176.827967474	651.700	8472.400	Procnias_averano-ML7284.wav	2
18	Spectrogram 1	1	176.730743539	176.827967474	651.700	8472.400	Procnias_averano-ML7284.wav	2
19	Waveform 1	1	175.864394071	175.976678641	853.548	6045.968	Procnias_averano-ML7284.wav	2
19	Spectrogram 1	1	175.864394071	175.976678641	853.548	6045.968	Procnias_averano-ML7284.wav	2
20	Waveform 1	1	175.446134049	175.589296875	569.032	6117.097	Procnias_averano-ML7284.wav	2
20	Spectrogram 1	1	175.446134049	175.589296875	569.032	6117.097	Procnias_averano-ML7284.wav	2
21	Waveform 1	1	175.008224227	175.168229739	1066.935	6330.484	Procnias_averano-ML7284.wav	2
21	Spectrogram 1	1	175.008224227	175.168229739	1066.935	6330.484	Procnias_averano-ML7284.wav	2
22	Waveform 1	1	174.596728460	174.745505515	853.548	6259.355	Procnias_averano-ML7284.wav	2
22	Spectrogram 1	1	174.596728460	174.745505515	853.548	6259.355	Procnias_averano-ML7284.wav	2
23	Waveform 1	1	174.172854209	174.332859721	853.548	6330.484	Procnias_averano-ML7284.wav	2
23	Spectrogram 1	1	174.172854209	174.332859721	853.548	6330.484	Procnias_averano-ML7284.wav	2
24	Waveform 1	1	173.751787072	173.917406813	569.032	6259.355	Procnias_averano-ML7284.wav	2
24	Spectrogram 1	1	173.751787072	173.917406813	569.032	6259.355	Procnias_averano-ML7284.wav	2
25	Waveform 1	1	173.336334164	173.462654305	995.806	5832.581	Procnias_averano-ML7284.wav	2
25	Spectrogram 1	1	173.336334164	173.462654305	995.806	5832.581	Procnias_averano-ML7284.wav	2
26	Waveform 1	1	172.901059328	173.032993698	1138.065	5832.581	Procnias_averano-ML7284.wav	2
26	Spectrogram 1	1	172.901059328	173.032993698	1138.065	5832.581	Procnias_averano-ML7284.wav	2
27	Waveform 1	1	172.491220649	172.614733675	497.903	6259.355	Procnias_averano-ML7284.wav	2
27	Spectrogram 1	1	172.491220649	172.614733675	497.903	6259.355	Procnias_averano-ML7284.wav	2
28	Waveform 1	1	172.053310826	172.224544795	782.419	6615.000	Procnias_averano-ML7284.wav	2
28	Spectrogram 1	1	172.053310826	172.224544795	782.419	6615.000	Procnias_averano-ML7284.wav	2
29	Waveform 1	1	171.649086375	171.803477659	711.290	6117.097	Procnias_averano-ML7284.wav	2
29	Spectrogram 1	1	171.649086375	171.803477659	711.290	6117.097	Procnias_averano-ML7284.wav	2
30	Waveform 1	1	167.871621826	168.028820224	1066.935	6330.484	Procnias_averano-ML7284.wav	2
30	Spectrogram 1	1	167.871621826	168.028820224	1066.935	6330.484	Procnias_averano-ML7284.wav	2
31	Waveform 1	1	167.077598321	167.175852332	497.903	6330.484	Procnias_averano-ML7284.wav	2
31	Spectrogram 1	1	167.077598321	167.175852332	497.903	6330.484	Procnias_averano-ML7284.wav	2
32	Waveform 1	1	167.466644507	167.573830701	640.161	6757.258	Procnias_averano-ML7284.wav	2
32	Spectrogram 1	1	167.466644507	167.573830701	640.161	6757.258	Procnias_averano-ML7284.wav	2
33	Waveform 1	1	166.720311008	166.806655442	853.548	6401.613	Procnias_averano-ML7284.wav	2
33	Spectrogram 1	1	166.720311008	166.806655442	853.548	6401.613	Procnias_averano-ML7284.wav	2
34	Waveform 1	1	130.801500792	130.912656845	569.032	8037.581	Procnias_averano-ML7284.wav	2
34	Spectrogram 1	1	130.801500792	130.912656845	569.032	8037.581	Procnias_averano-ML7284.wav	2
35	Waveform 1	1	131.237192821	131.341401621	355.645	7895.323	Procnias_averano-ML7284.wav	2
35	Spectrogram 1	1	131.237192821	131.341401621	355.645	7895.323	Procnias_averano-ML7284.wav	2
36	Waveform 1	1	131.678517795	131.781734130	853.548	7753.065	Procnias_averano-ML7284.wav	2
36	Spectrogram 1	1	131.678517795	131.781734130	853.548	7753.065	Procnias_averano-ML7284.wav	2
37	Waveform 1	1	133.010005750	133.112229620	569.032	7681.935	Procnias_averano-ML7284.wav	2
37	Spectrogram 1	1	133.010005750	133.112229620	569.032	7681.935	Procnias_averano-ML7284.wav	2
38	Waveform 1	1	126.947698618	127.042975235	853.548	7326.290	Procnias_averano-ML7284.wav	2
38	Spectrogram 1	1	126.947698618	127.042975235	853.548	7326.290	Procnias_averano-ML7284.wav	2
39	Waveform 1	1	127.386368041	127.491569306	569.032	7753.065	Procnias_averano-ML7284.wav	2
39	Spectrogram 1	1	127.386368041	127.491569306	569.032	7753.065	Procnias_averano-ML7284.wav	2
40	Waveform 1	1	124.474984692	124.575223632	497.903	8179.839	Procnias_averano-ML7284.wav	2
40	Spectrogram 1	1	124.474984692	124.575223632	497.903	8179.839	Procnias_averano-ML7284.wav	2
41	Waveform 1	1	124.876932919	124.980149254	853.548	8322.097	Procnias_averano-ML7284.wav	2
41	Spectrogram 1	1	124.876932919	124.980149254	853.548	8322.097	Procnias_averano-ML7284.wav	2
42	Waveform 1	1	125.276896217	125.380112552	924.677	8962.258	Procnias_averano-ML7284.wav	2
42	Spectrogram 1	1	125.276896217	125.380112552	924.677	8962.258	Procnias_averano-ML7284.wav	2
43	Waveform 1	1	120.932587812	121.019924711	711.290	8962.258	Procnias_averano-ML7284.wav	1
43	Spectrogram 1	1	120.932587812	121.019924711	711.290	8962.258	Procnias_averano-ML7284.wav	1
44	Waveform 1	1	115.098454371	115.201670705	569.032	9389.032	Procnias_averano-ML7284.wav	1
44	Spectrogram 1	1	115.098454371	115.201670705	569.032	9389.032	Procnias_averano-ML7284.wav	1
45	Waveform 1	1	95.969036242	96.051410817	497.903	9175.645	Procnias_averano-ML7284.wav	1
45	Spectrogram 1	1	95.969036242	96.051410817	497.903	9175.645	Procnias_averano-ML7284.wav	1
46	Waveform 1	1	97.478695279	97.586873937	711.290	7895.323	Procnias_averano-ML7284.wav	2
46	Spectrogram 1	1	97.478695279	97.586873937	711.290	7895.323	Procnias_averano-ML7284.wav	2
47	Waveform 1	1	97.837967521	97.953093433	711.290	6828.387	Procnias_averano-ML7284.wav	2
47	Spectrogram 1	1	97.837967521	97.953093433	711.290	6828.387	Procnias_averano-ML7284.wav	2
48	Waveform 1	1	98.245556342	98.336863100	782.419	6543.871	Procnias_averano-ML7284.wav	2
48	Spectrogram 1	1	98.245556342	98.336863100	782.419	6543.871	Procnias_averano-ML7284.wav	2
49	Waveform 1	1	98.631625133	98.719954496	1138.065	7610.806	Procnias_averano-ML7284.wav	2
49	Spectrogram 1	1	98.631625133	98.719954496	1138.065	7610.806	Procnias_averano-ML7284.wav	2
51	Waveform 1	1	99.037899645	99.150048163	497.903	7397.419	Procnias_averano-ML7284.wav	2
51	Spectrogram 1	1	99.037899645	99.150048163	497.903	7397.419	Procnias_averano-ML7284.wav	2
53	Waveform 1	1	99.444810196	99.533139560	1138.065	6543.871	Procnias_averano-ML7284.wav	2
53	Spectrogram 1	1	99.444810196	99.533139560	1138.065	6543.871	Procnias_averano-ML7284.wav	2
54	Waveform 1	1	99.849735818	99.948982293	497.903	6828.387	Procnias_averano-ML7284.wav	2
54	Spectrogram 1	1	99.849735818	99.948982293	497.903	6828.387	Procnias_averano-ML7284.wav	2
