Selection	View	Channel	Begin Time (s)	End Time (s)	Low Freq (Hz)	High Freq (Hz)	Begin File	Tipo	Occupancy
2	Waveform 1	1	3.355272109	3.517811791	1000.000	3000.000	Procnias_averano-XC680642.wav	2	0.9643
2	Spectrogram 1	1	3.355272109	3.517811791	1000.000	3000.000	Procnias_averano-XC680642.wav	2	0.9643
3	Waveform 1	1	3.900941043	4.121530612	1000.000	3000.000	Procnias_averano-XC680642.wav	2	0.7895
3	Spectrogram 1	1	3.900941043	4.121530612	1000.000	3000.000	Procnias_averano-XC680642.wav	2	0.7895
4	Waveform 1	1	4.498854875	4.696224490	1000.000	3000.000	Procnias_averano-XC680642.wav	2	0.9412
4	Spectrogram 1	1	4.498854875	4.696224490	1000.000	3000.000	Procnias_averano-XC680642.wav	2	0.9412
5	Waveform 1	1	5.056133787	5.276723356	1000.000	3000.000	Procnias_averano-XC680642.wav	2	0.7895
5	Spectrogram 1	1	5.056133787	5.276723356	1000.000	3000.000	Procnias_averano-XC680642.wav	2	0.7895
6	Waveform 1	1	5.630827664	5.874637188	1000.000	3000.000	Procnias_averano-XC680642.wav	2	0.7857
6	Spectrogram 1	1	5.630827664	5.874637188	1000.000	3000.000	Procnias_averano-XC680642.wav	2	0.7857
7	Waveform 1	1	6.240351474	6.472551020	1000.000	3000.000	Procnias_averano-XC680642.wav	2	0.9250
7	Spectrogram 1	1	6.240351474	6.472551020	1000.000	3000.000	Procnias_averano-XC680642.wav	2	0.9250
8	Waveform 1	1	6.826655329	7.076269841	1000.000	3000.000	Procnias_averano-XC680642.wav	2	0.9070
8	Spectrogram 1	1	6.826655329	7.076269841	1000.000	3000.000	Procnias_averano-XC680642.wav	2	0.9070
9	Waveform 1	1	23.841077098	24.073276644	1000.000	3000.000	Procnias_averano-XC680642.wav	2	0.8000
9	Spectrogram 1	1	23.841077098	24.073276644	1000.000	3000.000	Procnias_averano-XC680642.wav	2	0.8000
10	Waveform 1	1	24.450600907	24.735045351	1000.000	3000.000	Procnias_averano-XC680642.wav	2	0.8776
10	Spectrogram 1	1	24.450600907	24.735045351	1000.000	3000.000	Procnias_averano-XC680642.wav	2	0.8776
11	Waveform 1	1	25.118174603	25.361984127	1000.000	3000.000	Procnias_averano-XC680642.wav	2	0.8810
11	Spectrogram 1	1	25.118174603	25.361984127	1000.000	3000.000	Procnias_averano-XC680642.wav	2	0.8810
12	Waveform 1	1	25.733503401	26.023752834	1000.000	3000.000	Procnias_averano-XC680642.wav	2	0.8000
12	Spectrogram 1	1	25.733503401	26.023752834	1000.000	3000.000	Procnias_averano-XC680642.wav	2	0.8000
13	Waveform 1	1	26.343027211	26.586836735	1000.000	3000.000	Procnias_averano-XC680642.wav	2	0.8810
13	Spectrogram 1	1	26.343027211	26.586836735	1000.000	3000.000	Procnias_averano-XC680642.wav	2	0.8810
14	Waveform 1	1	26.911916100	27.190555556	1000.000	3000.000	Procnias_averano-XC680642.wav	2	0.8333
14	Spectrogram 1	1	26.911916100	27.190555556	1000.000	3000.000	Procnias_averano-XC680642.wav	2	0.8333
15	Waveform 1	1	27.550464853	27.800079365	1000.000	3000.000	Procnias_averano-XC680642.wav	2	0.9535
15	Spectrogram 1	1	27.550464853	27.800079365	1000.000	3000.000	Procnias_averano-XC680642.wav	2	0.9535
16	Waveform 1	1	28.130963719	28.368968254	1000.000	3000.000	Procnias_averano-XC680642.wav	2	0.8537
16	Spectrogram 1	1	28.130963719	28.368968254	1000.000	3000.000	Procnias_averano-XC680642.wav	2	0.8537
17	Waveform 1	1	28.752097506	29.065566893	1000.000	3000.000	Procnias_averano-XC680642.wav	2	0.8889
17	Spectrogram 1	1	28.752097506	29.065566893	1000.000	3000.000	Procnias_averano-XC680642.wav	2	0.8889
18	Waveform 1	1	29.344206349	29.669285714	1000.000	3000.000	Procnias_averano-XC680642.wav	2	0.7679
18	Spectrogram 1	1	29.344206349	29.669285714	1000.000	3000.000	Procnias_averano-XC680642.wav	2	0.7679
19	Waveform 1	1	29.947925170	30.273004535	1000.000	3000.000	Procnias_averano-XC680642.wav	2	0.8036
19	Spectrogram 1	1	29.947925170	30.273004535	1000.000	3000.000	Procnias_averano-XC680642.wav	2	0.8036
20	Waveform 1	1	30.574863946	30.807063492	1000.000	3000.000	Procnias_averano-XC680642.wav	2	0.9750
20	Spectrogram 1	1	30.574863946	30.807063492	1000.000	3000.000	Procnias_averano-XC680642.wav	2	0.9750
21	Waveform 1	1	31.166972789	31.445612245	1000.000	3000.000	Procnias_averano-XC680642.wav	2	0.8125
21	Spectrogram 1	1	31.166972789	31.445612245	1000.000	3000.000	Procnias_averano-XC680642.wav	2	0.8125
23	Waveform 1	1	0.241185749	0.391112025	892.197	4206.069	Procnias_averano-XC680642.wav	1	
23	Spectrogram 1	1	0.241185749	0.391112025	892.197	4206.069	Procnias_averano-XC680642.wav	1	
24	Waveform 1	1	11.010874674	11.131467548	892.197	4333.526	Procnias_averano-XC680642.wav	1	
24	Spectrogram 1	1	11.010874674	11.131467548	892.197	4333.526	Procnias_averano-XC680642.wav	1	
25	Waveform 1	1	15.805894253	15.942783462	701.012	4269.798	Procnias_averano-XC680642.wav	1	
25	Spectrogram 1	1	15.805894253	15.942783462	701.012	4269.798	Procnias_averano-XC680642.wav	1	
26	Waveform 1	1	20.697265504	20.840673246	892.197	4843.353	Procnias_averano-XC680642.wav	1	
26	Spectrogram 1	1	20.697265504	20.840673246	892.197	4843.353	Procnias_averano-XC680642.wav	1	
