Selection	View	Channel	Begin Time (s)	End Time (s)	Low Freq (Hz)	High Freq (Hz)	Begin File	Tipo
1	Waveform 1	1	1.398225489	1.505781296	701.012	4397.254	Procnias_averano-ML636813742.wav	1
1	Spectrogram 1	1	1.398225489	1.505781296	701.012	4397.254	Procnias_averano-ML636813742.wav	1
2	Waveform 1	1	3.528062079	3.746432960	828.468	2804.046	Procnias_averano-ML636813742.wav	2
2	Spectrogram 1	1	3.528062079	3.746432960	828.468	2804.046	Procnias_averano-ML636813742.wav	2
3	Waveform 1	1	4.541694077	4.740509356	1147.110	3122.688	Procnias_averano-ML636813742.wav	2
3	Spectrogram 1	1	4.541694077	4.740509356	1147.110	3122.688	Procnias_averano-ML636813742.wav	2
4	Waveform 1	1	5.435787344	5.634602624	828.468	3632.514	Procnias_averano-ML636813742.wav	2
4	Spectrogram 1	1	5.435787344	5.634602624	828.468	3632.514	Procnias_averano-ML636813742.wav	2
5	Waveform 1	1	6.328826468	6.530901014	892.197	3441.329	Procnias_averano-ML636813742.wav	2
5	Spectrogram 1	1	6.328826468	6.530901014	892.197	3441.329	Procnias_averano-ML636813742.wav	2
6	Waveform 1	1	7.140383919	7.287050929	828.468	3568.786	Procnias_averano-ML636813742.wav	2
6	Spectrogram 1	1	7.140383919	7.287050929	828.468	3568.786	Procnias_averano-ML636813742.wav	2
7	Waveform 1	1	7.938964326	8.167113007	892.197	3377.601	Procnias_averano-ML636813742.wav	2
7	Spectrogram 1	1	7.938964326	8.167113007	892.197	3377.601	Procnias_averano-ML636813742.wav	2
8	Waveform 1	1	8.636447437	8.933040722	955.925	3058.960	Procnias_averano-ML636813742.wav	2
8	Spectrogram 1	1	8.636447437	8.933040722	955.925	3058.960	Procnias_averano-ML636813742.wav	2
9	Waveform 1	1	9.386078818	9.601190432	637.283	3250.145	Procnias_averano-ML636813742.wav	2
9	Spectrogram 1	1	9.386078818	9.601190432	637.283	3250.145	Procnias_averano-ML636813742.wav	2
10	Waveform 1	1	10.793520746	11.011891626	701.012	2740.318	Procnias_averano-ML636813742.wav	2
10	Spectrogram 1	1	10.793520746	11.011891626	701.012	2740.318	Procnias_averano-ML636813742.wav	2
11	Waveform 1	1	11.435596320	11.751745207	892.197	2804.046	Procnias_averano-ML636813742.wav	2
11	Spectrogram 1	1	11.435596320	11.751745207	892.197	2804.046	Procnias_averano-ML636813742.wav	2
12	Waveform 1	1	12.703451134	12.895747879	828.468	2740.318	Procnias_averano-ML636813742.wav	2
12	Spectrogram 1	1	12.703451134	12.895747879	828.468	2740.318	Procnias_averano-ML636813742.wav	2
13	Waveform 1	1	13.956829395	14.184978076	764.740	2740.318	Procnias_averano-ML636813742.wav	2
13	Spectrogram 1	1	13.956829395	14.184978076	764.740	2740.318	Procnias_averano-ML636813742.wav	2
