Selection	View	Channel	Begin Time (s)	End Time (s)	Low Freq (Hz)	High Freq (Hz)	Tipo
1	Waveform 1	1	22.523694202	22.875695024	826.900	1984.500	3b
1	Spectrogram 1	1	22.523694202	22.875695024	826.900	1984.500	3b
2	Waveform 1	1	23.286362650	23.618807871	771.700	3362.600	3a
2	Spectrogram 1	1	23.286362650	23.618807871	771.700	3362.600	3a
3	Waveform 1	1	23.661178341	24.019697697	992.200	2756.200	3b
3	Spectrogram 1	1	23.661178341	24.019697697	992.200	2756.200	3b
4	Waveform 1	1	26.032159420	26.338530507	771.700	2480.600	3b
4	Spectrogram 1	1	26.032159420	26.338530507	771.700	2480.600	3b
5	Waveform 1	1	26.819043774	27.157827281	992.200	3197.200	3a
5	Spectrogram 1	1	26.819043774	27.157827281	992.200	3197.200	3a
6	Waveform 1	1	27.217748174	27.547313082	1019.800	2783.800	3b
6	Spectrogram 1	1	27.217748174	27.547313082	1019.800	2783.800	3b
7	Waveform 1	1	27.973673278	28.344721881	882.000	3169.700	3a
7	Spectrogram 1	1	27.973673278	28.344721881	882.000	3169.700	3a
8	Waveform 1	1	28.379291626	28.731903032	964.700	3335.100	3b
8	Spectrogram 1	1	28.379291626	28.731903032	964.700	3335.100	3b
9	Waveform 1	1	29.162768001	29.506160808	826.900	3417.700	3a
9	Spectrogram 1	1	29.162768001	29.506160808	826.900	3417.700	3a
10	Waveform 1	1	29.566081700	29.914083806	826.900	3335.100	3b
10	Spectrogram 1	1	29.566081700	29.914083806	826.900	3335.100	3b
11	Waveform 1	1	30.391146296	30.729929803	937.100	3390.200	3a
11	Spectrogram 1	1	30.391146296	30.729929803	937.100	3390.200	3a
12	Waveform 1	1	30.787546045	31.142462101	826.900	3417.700	3b
12	Spectrogram 1	1	30.787546045	31.142462101	826.900	3417.700	3b
13	Waveform 1	1	52.100992563	52.243736429	523.700	4365.700	1
13	Spectrogram 1	1	52.100992563	52.243736429	523.700	4365.700	1
14	Waveform 1	1	59.813948845	59.929181331	662.600	4794.400	1
14	Spectrogram 1	1	59.813948845	59.929181331	662.600	4794.400	1
15	Waveform 1	1	67.343208194	67.463049979	701.600	4872.400	1
15	Spectrogram 1	1	67.343208194	67.463049979	701.600	4872.400	1
16	Waveform 1	1	69.648850188	69.980719746	896.500	2689.600	3a
16	Spectrogram 1	1	69.648850188	69.980719746	896.500	2689.600	3a
17	Waveform 1	1	70.017594141	70.356377648	857.500	2650.600	3b
17	Spectrogram 1	1	70.017594141	70.356377648	857.500	2650.600	3b
18	Waveform 1	1	70.794261093	71.144567849	701.600	3118.300	3a
18	Spectrogram 1	1	70.794261093	71.144567849	701.600	3118.300	3a
19	Waveform 1	1	74.282616978	74.630619084	857.500	3547.100	3a
19	Spectrogram 1	1	74.282616978	74.630619084	857.500	3547.100	3a
20	Waveform 1	1	74.653665581	75.003972336	857.500	3625.100	3b
20	Spectrogram 1	1	74.653665581	75.003972336	857.500	3625.100	3b
21	Waveform 1	1	75.462597628	75.805990435	1013.500	3469.200	3a
21	Spectrogram 1	1	75.462597628	75.805990435	1013.500	3469.200	3a
22	Waveform 1	1	75.847474130	76.195476235	1013.500	3430.200	3b
22	Spectrogram 1	1	75.847474130	76.195476235	1013.500	3430.200	3b
23	Waveform 1	1	79.287283298	79.612238907	896.500	3430.200	3b
23	Spectrogram 1	1	79.287283298	79.612238907	896.500	3430.200	3b
24	Waveform 1	1	78.849399854	79.225057756	701.600	3664.100	3a
24	Spectrogram 1	1	78.849399854	79.225057756	701.600	3664.100	3a
25	Waveform 1	1	103.800156618	103.910779804	428.800	4209.800	1
25	Spectrogram 1	1	103.800156618	103.910779804	428.800	4209.800	1
