Selection	View	Channel	Begin Time (s)	End Time (s)	Low Freq (Hz)	High Freq (Hz)	Begin File	Tipo	Occupancy
17	Waveform 1	1	14.928444624	15.060378994	735.000	3412.500	Procnias_averano-XC4689.wav	1	
17	Spectrogram 1	1	14.928444624	15.060378994	735.000	3412.500	Procnias_averano-XC4689.wav	1	
18	Waveform 1	1	9.885036622	10.002935421	840.000	3517.500	Procnias_averano-XC4689.wav	1	
18	Spectrogram 1	1	9.885036622	10.002935421	840.000	3517.500	Procnias_averano-XC4689.wav	1	
19	Waveform 1	1	3.299395530	3.434137014	682.500	3990.000	Procnias_averano-XC4689.wav	1	
19	Spectrogram 1	1	3.299395530	3.434137014	682.500	3990.000	Procnias_averano-XC4689.wav	1	
1	Waveform 1	1	17.496224490	17.629194093	1000.000	3000.000	Procnias_averano-XC4689.wav	3a	0.9818
1	Spectrogram 1	1	17.496224490	17.629194093	1000.000	3000.000	Procnias_averano-XC4689.wav	3a	0.9818
2	Waveform 1	1	18.517902494	18.592034278	1000.000	3000.000	Procnias_averano-XC4689.wav	3a	0.8750
2	Spectrogram 1	1	18.517902494	18.592034278	1000.000	3000.000	Procnias_averano-XC4689.wav	3a	0.8750
3	Waveform 1	1	19.022936508	19.162195212	1000.000	3000.000	Procnias_averano-XC4689.wav	3a	0.8448
3	Spectrogram 1	1	19.022936508	19.162195212	1000.000	3000.000	Procnias_averano-XC4689.wav	3a	0.8448
4	Waveform 1	1	19.556995465	19.647825976	1000.000	3000.000	Procnias_averano-XC4689.wav	3a	0.8462
4	Spectrogram 1	1	19.556995465	19.647825976	1000.000	3000.000	Procnias_averano-XC4689.wav	3a	0.8462
5	Waveform 1	1	20.044614512	20.161527883	1000.000	3000.000	Procnias_averano-XC4689.wav	3a	0.9423
5	Spectrogram 1	1	20.044614512	20.161527883	1000.000	3000.000	Procnias_averano-XC4689.wav	3a	0.9423
6	Waveform 1	1	20.543843537	20.676467871	1000.000	3000.000	Procnias_averano-XC4689.wav	3a	0.8727
6	Spectrogram 1	1	20.543843537	20.676467871	1000.000	3000.000	Procnias_averano-XC4689.wav	3a	0.8727
7	Waveform 1	1	21.054682540	21.159212037	1000.000	3000.000	Procnias_averano-XC4689.wav	3a	0.7963
7	Spectrogram 1	1	21.054682540	21.159212037	1000.000	3000.000	Procnias_averano-XC4689.wav	3a	0.7963
8	Waveform 1	1	21.571326531	21.709315825	1000.000	3000.000	Procnias_averano-XC4689.wav	3a	0.7091
8	Spectrogram 1	1	21.571326531	21.709315825	1000.000	3000.000	Procnias_averano-XC4689.wav	3a	0.7091
9	Waveform 1	1	22.082165533	22.206175046	1000.000	3000.000	Procnias_averano-XC4689.wav	3a	0.7600
9	Spectrogram 1	1	22.082165533	22.206175046	1000.000	3000.000	Procnias_averano-XC4689.wav	3a	0.7600
10	Waveform 1	1	22.581394558	22.714122206	1000.000	3000.000	Procnias_averano-XC4689.wav	3a	0.7857
10	Spectrogram 1	1	22.581394558	22.714122206	1000.000	3000.000	Procnias_averano-XC4689.wav	3a	0.7857
11	Waveform 1	1	23.086428571	23.199580989	1000.000	3000.000	Procnias_averano-XC4689.wav	3a	0.7963
11	Spectrogram 1	1	23.086428571	23.199580989	1000.000	3000.000	Procnias_averano-XC4689.wav	3a	0.7963
12	Waveform 1	1	23.608877551	23.732853211	1000.000	3000.000	Procnias_averano-XC4689.wav	3a	0.9038
12	Spectrogram 1	1	23.608877551	23.732853211	1000.000	3000.000	Procnias_averano-XC4689.wav	3a	0.9038
13	Waveform 1	1	24.113911565	24.230939395	1000.000	3000.000	Procnias_averano-XC4689.wav	3a	0.8333
13	Spectrogram 1	1	24.113911565	24.230939395	1000.000	3000.000	Procnias_averano-XC4689.wav	3a	0.8333
14	Waveform 1	1	24.613140590	24.702534588	1000.000	3000.000	Procnias_averano-XC4689.wav	3a	0.9167
14	Spectrogram 1	1	24.613140590	24.702534588	1000.000	3000.000	Procnias_averano-XC4689.wav	3a	0.9167
15	Waveform 1	1	25.094954649	25.202200923	1000.000	3000.000	Procnias_averano-XC4689.wav	3a	0.9643
15	Spectrogram 1	1	25.094954649	25.202200923	1000.000	3000.000	Procnias_averano-XC4689.wav	3a	0.9643
16	Waveform 1	1	25.599988662	25.704474715	1000.000	3000.000	Procnias_averano-XC4689.wav	3a	0.9800
16	Spectrogram 1	1	25.599988662	25.704474715	1000.000	3000.000	Procnias_averano-XC4689.wav	3a	0.9800
21	Waveform 1	1	17.988504716	18.114824857	843.088	2658.971	Procnias_averano-XC4689.wav	3a	
21	Spectrogram 1	1	17.988504716	18.114824857	843.088	2658.971	Procnias_averano-XC4689.wav	3a	
39	Waveform 1	1	26.077820909	26.209755279	701.012	2931.503	Procnias_averano-XC4689.wav	3a	
39	Spectrogram 1	1	26.077820909	26.209755279	701.012	2931.503	Procnias_averano-XC4689.wav	3a	
20	Waveform 1	1	17.657265235	17.820077861	843.088	2464.412	Procnias_averano-XC4689.wav	3b	
20	Spectrogram 1	1	17.657265235	17.820077861	843.088	2464.412	Procnias_averano-XC4689.wav	3b	
22	Waveform 1	1	18.176581370	18.305708625	648.529	2658.971	Procnias_averano-XC4689.wav	3b	
22	Spectrogram 1	1	18.176581370	18.305708625	648.529	2658.971	Procnias_averano-XC4689.wav	3b	
23	Waveform 1	1	18.662212134	18.850288789	843.088	2983.235	Procnias_averano-XC4689.wav	3b	
23	Spectrogram 1	1	18.662212134	18.850288789	843.088	2983.235	Procnias_averano-XC4689.wav	3b	
24	Waveform 1	1	19.195880583	19.383957237	1037.647	2529.265	Procnias_averano-XC4689.wav	3b	
24	Spectrogram 1	1	19.195880583	19.383957237	1037.647	2529.265	Procnias_averano-XC4689.wav	3b	
25	Waveform 1	1	19.723618061	19.863973773	1037.647	2723.824	Procnias_averano-XC4689.wav	3b	
25	Spectrogram 1	1	19.723618061	19.863973773	1037.647	2723.824	Procnias_averano-XC4689.wav	3b	
26	Waveform 1	1	20.223284396	20.363640108	972.794	2918.382	Procnias_averano-XC4689.wav	3b	
26	Spectrogram 1	1	20.223284396	20.363640108	972.794	2918.382	Procnias_averano-XC4689.wav	3b	
27	Waveform 1	1	20.721381699	20.861737411	972.794	2594.118	Procnias_averano-XC4689.wav	3b	
27	Spectrogram 1	1	20.721381699	20.861737411	972.794	2594.118	Procnias_averano-XC4689.wav	3b	
28	Waveform 1	1	21.226582779	21.409045204	972.794	2723.824	Procnias_averano-XC4689.wav	3b	
28	Spectrogram 1	1	21.226582779	21.409045204	972.794	2723.824	Procnias_averano-XC4689.wav	3b	
29	Waveform 1	1	21.759843881	21.917042279	913.314	2609.467	Procnias_averano-XC4689.wav	3b	
29	Spectrogram 1	1	21.759843881	21.917042279	913.314	2609.467	Procnias_averano-XC4689.wav	3b	
30	Waveform 1	1	22.276352902	22.408287272	848.077	2609.467	Procnias_averano-XC4689.wav	3b	
30	Spectrogram 1	1	22.276352902	22.408287272	848.077	2609.467	Procnias_averano-XC4689.wav	3b	
31	Waveform 1	1	22.778685834	22.919041546	782.840	2870.414	Procnias_averano-XC4689.wav	3b	
31	Spectrogram 1	1	22.778685834	22.919041546	782.840	2870.414	Procnias_averano-XC4689.wav	3b	
33	Waveform 1	1	23.264144616	23.438185700	978.550	2674.704	Procnias_averano-XC4689.wav	3b	
33	Spectrogram 1	1	23.264144616	23.438185700	978.550	2674.704	Procnias_averano-XC4689.wav	3b	
34	Waveform 1	1	23.760924353	23.923736979	828.468	2612.861	Procnias_averano-XC4689.wav	3b	
34	Spectrogram 1	1	23.760924353	23.923736979	828.468	2612.861	Procnias_averano-XC4689.wav	3b	
35	Waveform 1	1	24.267431880	24.447087191	828.468	2676.590	Procnias_averano-XC4689.wav	3b	
35	Spectrogram 1	1	24.267431880	24.447087191	828.468	2676.590	Procnias_averano-XC4689.wav	3b	
36	Waveform 1	1	24.767098215	24.929910841	1019.653	2612.861	Procnias_averano-XC4689.wav	3b	
36	Spectrogram 1	1	24.767098215	24.929910841	1019.653	2612.861	Procnias_averano-XC4689.wav	3b	
37	Waveform 1	1	25.224657837	25.407120263	828.468	2676.590	Procnias_averano-XC4689.wav	3b	
37	Spectrogram 1	1	25.224657837	25.407120263	828.468	2676.590	Procnias_averano-XC4689.wav	3b	
38	Waveform 1	1	25.724124514	25.929043854	892.197	2294.220	Procnias_averano-XC4689.wav	3b	
38	Spectrogram 1	1	25.724124514	25.929043854	892.197	2294.220	Procnias_averano-XC4689.wav	3b	
40	Waveform 1	1	26.232212193	26.347303877	1019.653	2931.503	Procnias_averano-XC4689.wav	3b	
40	Spectrogram 1	1	26.232212193	26.347303877	1019.653	2931.503	Procnias_averano-XC4689.wav	3b	
