Selection	View	Channel	Begin Time (s)	End Time (s)	Low Freq (Hz)	High Freq (Hz)	Begin File	Tipo
3	Waveform 1	1	14.443193360	14.636336763	580.300	6408.621	Procnias_averano-ML7281.wav	3a
3	Spectrogram 1	1	14.443193360	14.636336763	580.300	6408.621	Procnias_averano-ML7281.wav	3a
4	Waveform 1	1	14.795495569	14.995647386	797.900	5213.793	Procnias_averano-ML7281.wav	3b
4	Spectrogram 1	1	14.795495569	14.995647386	797.900	5213.793	Procnias_averano-ML7281.wav	3b
5	Waveform 1	1	20.088292626	20.191323142	725.300	3771.700	Procnias_averano-ML7281.wav	1
5	Spectrogram 1	1	20.088292626	20.191323142	725.300	3771.700	Procnias_averano-ML7281.wav	1
6	Waveform 1	1	29.751729396	29.840593216	507.700	3409.000	Procnias_averano-ML7281.wav	1
6	Spectrogram 1	1	29.751729396	29.840593216	507.700	3409.000	Procnias_averano-ML7281.wav	1
7	Waveform 1	1	6.425108424	6.752390733	599.700	3691.858	Procnias_averano-ML7281.wav	3a
7	Spectrogram 1	1	6.425108424	6.752390733	599.700	3691.858	Procnias_averano-ML7281.wav	3a
8	Waveform 1	1	6.870425910	7.204336127	749.600	3084.977	Procnias_averano-ML7281.wav	3b
8	Spectrogram 1	1	6.870425910	7.204336127	749.600	3084.977	Procnias_averano-ML7281.wav	3b
11	Waveform 1	1	60.133324272	60.213463206	599.700	2773.500	Procnias_averano-ML7281.wav	3a
11	Spectrogram 1	1	60.133324272	60.213463206	599.700	2773.500	Procnias_averano-ML7281.wav	3a
12	Waveform 1	1	60.872445014	60.951673279	674.600	3223.300	Procnias_averano-ML7281.wav	3b
12	Spectrogram 1	1	60.872445014	60.951673279	674.600	3223.300	Procnias_averano-ML7281.wav	3b
13	Waveform 1	1	61.469752028	61.562640338	824.600	3373.200	Procnias_averano-ML7281.wav	3a
13	Spectrogram 1	1	61.469752028	61.562640338	824.600	3373.200	Procnias_averano-ML7281.wav	3a
14	Waveform 1	1	61.960602999	62.045295282	599.700	3598.100	Procnias_averano-ML7281.wav	3b
14	Spectrogram 1	1	61.960602999	62.045295282	599.700	3598.100	Procnias_averano-ML7281.wav	3b
15	Waveform 1	1	62.783254609	62.848822828	674.600	3523.100	Procnias_averano-ML7281.wav	3a
15	Spectrogram 1	1	62.783254609	62.848822828	674.600	3523.100	Procnias_averano-ML7281.wav	3a
31	Waveform 1	1	86.561787843	86.685300870	657.454	4298.739	Procnias_averano-ML7281.wav	2
31	Spectrogram 1	1	86.561787843	86.685300870	657.454	4298.739	Procnias_averano-ML7281.wav	2
32	Waveform 1	1	91.582184133	91.711311388	859.748	3287.271	Procnias_averano-ML7281.wav	2
32	Spectrogram 1	1	91.582184133	91.711311388	859.748	3287.271	Procnias_averano-ML7281.wav	2
33	Waveform 1	1	91.989215699	92.154835439	910.321	3691.858	Procnias_averano-ML7281.wav	2
33	Spectrogram 1	1	91.989215699	92.154835439	910.321	3691.858	Procnias_averano-ML7281.wav	2
34	Waveform 1	1	92.390633035	92.502917605	910.321	3641.284	Procnias_averano-ML7281.wav	2
34	Spectrogram 1	1	92.390633035	92.502917605	910.321	3641.284	Procnias_averano-ML7281.wav	2
35	Waveform 1	1	92.820121515	92.952055884	1011.468	3793.005	Procnias_averano-ML7281.wav	2
35	Spectrogram 1	1	92.820121515	92.952055884	1011.468	3793.005	Procnias_averano-ML7281.wav	2
36	Waveform 1	1	93.246802880	93.347858993	708.028	3236.697	Procnias_averano-ML7281.wav	2
36	Spectrogram 1	1	93.246802880	93.347858993	708.028	3236.697	Procnias_averano-ML7281.wav	2
37	Waveform 1	1	93.697055539	93.823375680	910.321	3843.578	Procnias_averano-ML7281.wav	2
37	Spectrogram 1	1	93.697055539	93.823375680	910.321	3843.578	Procnias_averano-ML7281.wav	2
38	Waveform 1	1	94.137772476	94.255671274	859.748	3388.417	Procnias_averano-ML7281.wav	2
38	Spectrogram 1	1	94.137772476	94.255671274	859.748	3388.417	Procnias_averano-ML7281.wav	2
39	Waveform 1	1	94.589717869	94.718845124	910.321	3843.578	Procnias_averano-ML7281.wav	2
39	Spectrogram 1	1	94.589717869	94.718845124	910.321	3843.578	Procnias_averano-ML7281.wav	2
40	Waveform 1	1	95.027627691	95.167983403	657.454	3995.298	Procnias_averano-ML7281.wav	2
40	Spectrogram 1	1	95.027627691	95.167983403	657.454	3995.298	Procnias_averano-ML7281.wav	2
41	Waveform 1	1	95.454309056	95.580629197	1163.188	4147.018	Procnias_averano-ML7281.wav	2
41	Spectrogram 1	1	95.454309056	95.580629197	1163.188	4147.018	Procnias_averano-ML7281.wav	2
42	Waveform 1	1	95.889215589	96.026764187	809.174	3641.284	Procnias_averano-ML7281.wav	2
42	Spectrogram 1	1	95.889215589	96.026764187	809.174	3641.284	Procnias_averano-ML7281.wav	2
43	Waveform 1	1	96.313089840	96.439409981	809.174	4096.445	Procnias_averano-ML7281.wav	2
43	Spectrogram 1	1	96.313089840	96.439409981	809.174	4096.445	Procnias_averano-ML7281.wav	2
44	Waveform 1	1	96.767842347	96.888548260	960.894	3388.417	Procnias_averano-ML7281.wav	2
44	Spectrogram 1	1	96.767842347	96.888548260	960.894	3388.417	Procnias_averano-ML7281.wav	2
45	Waveform 1	1	97.174873913	97.323650968	1112.615	3641.284	Procnias_averano-ML7281.wav	2
45	Spectrogram 1	1	97.174873913	97.323650968	1112.615	3641.284	Procnias_averano-ML7281.wav	2
46	Waveform 1	1	97.665734594	97.792054735	910.321	3540.138	Procnias_averano-ML7281.wav	2
46	Spectrogram 1	1	97.665734594	97.792054735	910.321	3540.138	Procnias_averano-ML7281.wav	2
