Selection	View	Channel	Begin Time (s)	End Time (s)	Low Freq (Hz)	High Freq (Hz)	Begin File	Tipo
1	Waveform 1	1	0.645636276	0.774763531	735.000	2887.500	Procnias_averano-WA3709330.wav	1
1	Spectrogram 1	1	0.645636276	0.774763531	735.000	2887.500	Procnias_averano-WA3709330.wav	1
2	Waveform 1	1	5.055756996	5.159620223	682.500	2782.500	Procnias_averano-WA3709330.wav	1
2	Spectrogram 1	1	5.055756996	5.159620223	682.500	2782.500	Procnias_averano-WA3709330.wav	1
3	Waveform 1	1	11.915600942	12.027885512	892.500	2940.000	Procnias_averano-WA3709330.wav	1
3	Spectrogram 1	1	11.915600942	12.027885512	892.500	2940.000	Procnias_averano-WA3709330.wav	1
4	Waveform 1	1	16.869858417	16.968107416	892.500	2835.000	Procnias_averano-WA3709330.wav	1
4	Spectrogram 1	1	16.869858417	16.968107416	892.500	2835.000	Procnias_averano-WA3709330.wav	1
5	Waveform 1	1	31.086343205	31.184592204	787.500	2835.000	Procnias_averano-WA3709330.wav	1
5	Spectrogram 1	1	31.086343205	31.184592204	787.500	2835.000	Procnias_averano-WA3709330.wav	1
6	Waveform 1	1	73.513376490	73.611625489	787.500	3045.000	Procnias_averano-WA3709330.wav	1
6	Spectrogram 1	1	73.513376490	73.611625489	787.500	3045.000	Procnias_averano-WA3709330.wav	1
7	Waveform 1	1	79.681840649	79.796932333	735.000	2835.000	Procnias_averano-WA3709330.wav	1
7	Spectrogram 1	1	79.681840649	79.796932333	735.000	2835.000	Procnias_averano-WA3709330.wav	1
8	Waveform 1	1	86.193602775	86.294658888	735.000	3045.000	Procnias_averano-WA3709330.wav	1
8	Spectrogram 1	1	86.193602775	86.294658888	735.000	3045.000	Procnias_averano-WA3709330.wav	1
9	Waveform 1	1	87.249077731	87.355748072	525.000	2782.500	Procnias_averano-WA3709330.wav	1
9	Spectrogram 1	1	87.249077731	87.355748072	525.000	2782.500	Procnias_averano-WA3709330.wav	1
