Selection	View	Channel	Begin Time (s)	End Time (s)	Low Freq (Hz)	High Freq (Hz)	Begin File	Tipo
1	Waveform 1	1	4.244907397	4.377360765	521.500	4119.500	Procnias_averano-ML62829.wav	1
1	Spectrogram 1	1	4.244907397	4.377360765	521.500	4119.500	Procnias_averano-ML62829.wav	1
2	Waveform 1	1	9.050939841	9.193204570	746.000	4252.300	Procnias_averano-ML62829.wav	1
2	Spectrogram 1	1	9.050939841	9.193204570	746.000	4252.300	Procnias_averano-ML62829.wav	1
3	Waveform 1	1	12.144149909	12.296225999	820.600	5595.100	Procnias_averano-ML62829.wav	1
3	Spectrogram 1	1	12.144149909	12.296225999	820.600	5595.100	Procnias_averano-ML62829.wav	1
4	Waveform 1	1	14.763783197	14.901142246	746.000	4998.300	Procnias_averano-ML62829.wav	1
4	Spectrogram 1	1	14.763783197	14.901142246	746.000	4998.300	Procnias_averano-ML62829.wav	1
5	Waveform 1	1	19.004873857	19.117704504	596.800	5669.700	Procnias_averano-ML62829.wav	1
5	Spectrogram 1	1	19.004873857	19.117704504	596.800	5669.700	Procnias_averano-ML62829.wav	1
6	Waveform 1	1	25.239213252	25.381477981	447.600	4774.500	Procnias_averano-ML62829.wav	1
6	Spectrogram 1	1	25.239213252	25.381477981	447.600	4774.500	Procnias_averano-ML62829.wav	1
7	Waveform 1	1	32.478831781	32.591662429	596.800	4998.300	Procnias_averano-ML62829.wav	1
7	Spectrogram 1	1	32.478831781	32.591662429	596.800	4998.300	Procnias_averano-ML62829.wav	1
8	Waveform 1	1	40.608724276	40.716649243	738.500	5433.400	Procnias_averano-ML62829.wav	1
8	Spectrogram 1	1	40.608724276	40.716649243	738.500	5433.400	Procnias_averano-ML62829.wav	1
9	Waveform 1	1	47.113645682	47.228929169	580.300	4747.600	Procnias_averano-ML62829.wav	1
9	Spectrogram 1	1	47.113645682	47.228929169	580.300	4747.600	Procnias_averano-ML62829.wav	1
10	Waveform 1	1	54.488927128	54.601757775	527.500	4853.100	Procnias_averano-ML62829.wav	1
10	Spectrogram 1	1	54.488927128	54.601757775	527.500	4853.100	Procnias_averano-ML62829.wav	1
11	Waveform 1	1	60.172460814	60.273027260	527.500	5327.900	Procnias_averano-ML62829.wav	1
11	Spectrogram 1	1	60.172460814	60.273027260	527.500	5327.900	Procnias_averano-ML62829.wav	1
12	Waveform 1	1	67.971688881	68.079613848	527.500	4958.600	Procnias_averano-ML62829.wav	1
12	Spectrogram 1	1	67.971688881	68.079613848	527.500	4958.600	Procnias_averano-ML62829.wav	1
13	Waveform 1	1	75.433221436	75.553410604	263.800	5697.100	Procnias_averano-ML62829.wav	1
13	Spectrogram 1	1	75.433221436	75.553410604	263.800	5697.100	Procnias_averano-ML62829.wav	1
14	Waveform 1	1	81.224285363	81.319946129	738.500	5538.900	Procnias_averano-ML62829.wav	1
14	Spectrogram 1	1	81.224285363	81.319946129	738.500	5538.900	Procnias_averano-ML62829.wav	1
15	Waveform 1	1	88.006381194	88.097136280	685.800	4958.600	Procnias_averano-ML62829.wav	1
15	Spectrogram 1	1	88.006381194	88.097136280	685.800	4958.600	Procnias_averano-ML62829.wav	1
16	Waveform 1	1	95.922943886	96.025963172	791.300	5169.600	Procnias_averano-ML62829.wav	1
16	Spectrogram 1	1	95.922943886	96.025963172	791.300	5169.600	Procnias_averano-ML62829.wav	1
17	Waveform 1	1	100.089755397	100.195227524	527.500	5169.600	Procnias_averano-ML62829.wav	1
17	Spectrogram 1	1	100.089755397	100.195227524	527.500	5169.600	Procnias_averano-ML62829.wav	1
18	Waveform 1	1	103.956453452	104.052114218	527.500	5116.900	Procnias_averano-ML62829.wav	1
18	Spectrogram 1	1	103.956453452	104.052114218	527.500	5116.900	Procnias_averano-ML62829.wav	1
19	Waveform 1	1	108.300271158	108.418007485	422.000	5116.900	Procnias_averano-ML62829.wav	1
19	Spectrogram 1	1	108.300271158	108.418007485	422.000	5116.900	Procnias_averano-ML62829.wav	1
20	Waveform 1	1	113.836246685	113.939265971	474.800	5486.100	Procnias_averano-ML62829.wav	1
20	Spectrogram 1	1	113.836246685	113.939265971	474.800	5486.100	Procnias_averano-ML62829.wav	1
21	Waveform 1	1	119.512421850	119.612988297	527.500	5064.100	Procnias_averano-ML62829.wav	1
21	Spectrogram 1	1	119.512421850	119.612988297	527.500	5064.100	Procnias_averano-ML62829.wav	1
22	Waveform 1	1	123.688184742	123.793656869	633.000	5011.400	Procnias_averano-ML62829.wav	1
22	Spectrogram 1	1	123.688184742	123.793656869	633.000	5011.400	Procnias_averano-ML62829.wav	1
23	Waveform 1	1	131.937142538	132.057331706	527.500	4800.400	Procnias_averano-ML62829.wav	1
23	Spectrogram 1	1	131.937142538	132.057331706	527.500	4800.400	Procnias_averano-ML62829.wav	1
24	Waveform 1	1	199.016681002	199.114794608	474.800	5011.400	Procnias_averano-ML62829.wav	1
24	Spectrogram 1	1	199.016681002	199.114794608	474.800	5011.400	Procnias_averano-ML62829.wav	1
25	Waveform 1	1	205.334224651	205.442149618	633.000	5222.400	Procnias_averano-ML62829.wav	1
25	Spectrogram 1	1	205.334224651	205.442149618	633.000	5222.400	Procnias_averano-ML62829.wav	1
26	Waveform 1	1	210.436442196	210.546820004	1529.800	5433.400	Procnias_averano-ML62829.wav	1
26	Spectrogram 1	1	210.436442196	210.546820004	1529.800	5433.400	Procnias_averano-ML62829.wav	1
27	Waveform 1	1	215.780701465	215.881267911	896.800	4800.400	Procnias_averano-ML62829.wav	1
27	Spectrogram 1	1	215.780701465	215.881267911	896.800	4800.400	Procnias_averano-ML62829.wav	1
28	Waveform 1	1	220.843673568	220.949145695	685.800	4853.100	Procnias_averano-ML62829.wav	1
28	Spectrogram 1	1	220.843673568	220.949145695	685.800	4853.100	Procnias_averano-ML62829.wav	1
29	Waveform 1	1	225.520210578	225.623229865	633.000	5064.100	Procnias_averano-ML62829.wav	1
29	Spectrogram 1	1	225.520210578	225.623229865	633.000	5064.100	Procnias_averano-ML62829.wav	1
