Selection	View	Channel	Begin Time (s)	End Time (s)	Low Freq (Hz)	High Freq (Hz)	Begin File	Tipo
1	Waveform 1	1	5.355558408	5.505962636	767.000	4410.000	Procnias_averano-ML62835.wav	1
1	Spectrogram 1	1	5.355558408	5.505962636	767.000	4410.000	Procnias_averano-ML62835.wav	1
2	Waveform 1	1	13.703400874	13.858991455	767.000	5081.100	Procnias_averano-ML62835.wav	1
2	Spectrogram 1	1	13.703400874	13.858991455	767.000	5081.100	Procnias_averano-ML62835.wav	1
3	Waveform 1	1	25.267046511	25.407078034	862.800	5033.200	Procnias_averano-ML62835.wav	1
3	Spectrogram 1	1	25.267046511	25.407078034	862.800	5033.200	Procnias_averano-ML62835.wav	1
4	Waveform 1	1	32.335216096	32.495993030	910.800	5033.200	Procnias_averano-ML62835.wav	1
4	Spectrogram 1	1	32.335216096	32.495993030	910.800	5033.200	Procnias_averano-ML62835.wav	1
5	Waveform 1	1	41.148554870	41.267840982	814.900	4601.700	Procnias_averano-ML62835.wav	1
5	Spectrogram 1	1	41.148554870	41.267840982	814.900	4601.700	Procnias_averano-ML62835.wav	1
6	Waveform 1	1	63.698450891	63.864414178	719.000	4218.300	Procnias_averano-ML62835.wav	1
6	Spectrogram 1	1	63.698450891	63.864414178	719.000	4218.300	Procnias_averano-ML62835.wav	1
7	Waveform 1	1	74.435339771	74.544253177	671.100	4649.700	Procnias_averano-ML62835.wav	1
7	Spectrogram 1	1	74.435339771	74.544253177	671.100	4649.700	Procnias_averano-ML62835.wav	1
8	Waveform 1	1	93.108641053	93.233113518	814.900	4314.100	Procnias_averano-ML62835.wav	1
8	Spectrogram 1	1	93.108641053	93.233113518	814.900	4314.100	Procnias_averano-ML62835.wav	1
9	Waveform 1	1	108.915836084	109.029935844	719.000	4457.900	Procnias_averano-ML62835.wav	1
9	Spectrogram 1	1	108.915836084	109.029935844	719.000	4457.900	Procnias_averano-ML62835.wav	1
10	Waveform 1	1	116.516426233	116.672016814	862.800	4457.900	Procnias_averano-ML62835.wav	1
10	Spectrogram 1	1	116.516426233	116.672016814	862.800	4457.900	Procnias_averano-ML62835.wav	1
11	Waveform 1	1	121.222412260	121.336512020	767.000	4218.300	Procnias_averano-ML62835.wav	1
11	Spectrogram 1	1	121.222412260	121.336512020	767.000	4218.300	Procnias_averano-ML62835.wav	1
