Selection	View	Channel	Begin Time (s)	End Time (s)	Low Freq (Hz)	High Freq (Hz)	Begin File	Tipo
1	Waveform 1	1	0.727042589	0.842134273	525.000	4252.500	Procnias_averano-XC24176.wav	1
1	Spectrogram 1	1	0.727042589	0.842134273	525.000	4252.500	Procnias_averano-XC24176.wav	1
2	Waveform 1	1	1.625319147	1.715146803	840.000	3990.000	Procnias_averano-XC24176.wav	1
2	Spectrogram 1	1	1.625319147	1.715146803	840.000	3990.000	Procnias_averano-XC24176.wav	1
3	Waveform 1	1	7.091464271	7.189713269	840.000	4147.500	Procnias_averano-XC24176.wav	1
3	Spectrogram 1	1	7.091464271	7.189713269	840.000	4147.500	Procnias_averano-XC24176.wav	1
4	Waveform 1	1	10.460408880	10.558657879	840.000	4252.500	Procnias_averano-XC24176.wav	1
4	Spectrogram 1	1	10.460408880	10.558657879	840.000	4252.500	Procnias_averano-XC24176.wav	1
5	Waveform 1	1	13.363311854	13.447525281	840.000	4147.500	Procnias_averano-XC24176.wav	1
5	Spectrogram 1	1	13.363311854	13.447525281	840.000	4147.500	Procnias_averano-XC24176.wav	1
6	Waveform 1	1	19.860716023	19.950543679	1050.000	4252.500	Procnias_averano-XC24176.wav	1
6	Spectrogram 1	1	19.860716023	19.950543679	1050.000	4252.500	Procnias_averano-XC24176.wav	1
7	Waveform 1	1	21.034089777	21.129531662	945.000	3832.500	Procnias_averano-XC24176.wav	1
7	Spectrogram 1	1	21.034089777	21.129531662	945.000	3832.500	Procnias_averano-XC24176.wav	1
8	Waveform 1	1	23.354932656	23.458795883	840.000	2310.000	Procnias_averano-XC24176.wav	2
8	Spectrogram 1	1	23.354932656	23.458795883	840.000	2310.000	Procnias_averano-XC24176.wav	2
9	Waveform 1	1	23.742314421	23.854598991	945.000	3150.000	Procnias_averano-XC24176.wav	2
9	Spectrogram 1	1	23.742314421	23.854598991	945.000	3150.000	Procnias_averano-XC24176.wav	2
10	Waveform 1	1	24.090396587	24.194259814	1102.500	3097.500	Procnias_averano-XC24176.wav	2
10	Spectrogram 1	1	24.090396587	24.194259814	1102.500	3097.500	Procnias_averano-XC24176.wav	2
11	Waveform 1	1	24.463742782	24.550763323	945.000	3307.500	Procnias_averano-XC24176.wav	2
11	Spectrogram 1	1	24.463742782	24.550763323	945.000	3307.500	Procnias_averano-XC24176.wav	2
12	Waveform 1	1	24.803403605	24.901652604	735.000	3255.000	Procnias_averano-XC24176.wav	2
12	Spectrogram 1	1	24.803403605	24.901652604	735.000	3255.000	Procnias_averano-XC24176.wav	2
13	Waveform 1	1	25.162714229	25.249734770	1050.000	2835.000	Procnias_averano-XC24176.wav	2
13	Spectrogram 1	1	25.162714229	25.249734770	1050.000	2835.000	Procnias_averano-XC24176.wav	2
14	Waveform 1	1	29.690391315	29.790457955	945.000	4252.500	Procnias_averano-XC24176.wav	1
14	Spectrogram 1	1	29.690391315	29.790457955	945.000	4252.500	Procnias_averano-XC24176.wav	1
15	Waveform 1	1	33.525284020	33.617918791	840.000	3727.500	Procnias_averano-XC24176.wav	2
15	Spectrogram 1	1	33.525284020	33.617918791	840.000	3727.500	Procnias_averano-XC24176.wav	2
16	Waveform 1	1	36.594792155	36.684619810	945.000	4357.500	Procnias_averano-XC24176.wav	2
16	Spectrogram 1	1	36.594792155	36.684619810	945.000	4357.500	Procnias_averano-XC24176.wav	2
17	Waveform 1	1	40.547500250	40.637327906	892.500	3255.000	Procnias_averano-XC24176.wav	2
17	Spectrogram 1	1	40.547500250	40.637327906	892.500	3255.000	Procnias_averano-XC24176.wav	2
18	Waveform 1	1	43.808788085	43.895808626	892.500	4147.500	Procnias_averano-XC24176.wav	2
18	Spectrogram 1	1	43.808788085	43.895808626	892.500	4147.500	Procnias_averano-XC24176.wav	2
19	Waveform 1	1	49.793323582	49.888765466	840.000	4252.500	Procnias_averano-XC24176.wav	2
19	Spectrogram 1	1	49.793323582	49.888765466	840.000	4252.500	Procnias_averano-XC24176.wav	2
20	Waveform 1	1	53.711446320	53.809695319	945.000	3832.500	Procnias_averano-XC24176.wav	2
20	Spectrogram 1	1	53.711446320	53.809695319	945.000	3832.500	Procnias_averano-XC24176.wav	2
21	Waveform 1	1	57.566699702	57.662141586	997.500	4200.000	Procnias_averano-XC24176.wav	2
21	Spectrogram 1	1	57.566699702	57.662141586	997.500	4200.000	Procnias_averano-XC24176.wav	2
22	Waveform 1	1	60.104894735	60.183493934	945.000	2625.000	Procnias_averano-XC24176.wav	2
22	Spectrogram 1	1	60.104894735	60.183493934	945.000	2625.000	Procnias_averano-XC24176.wav	2
23	Waveform 1	1	60.433327102	60.525961872	840.000	2730.000	Procnias_averano-XC24176.wav	2
23	Spectrogram 1	1	60.433327102	60.525961872	840.000	2730.000	Procnias_averano-XC24176.wav	2
24	Waveform 1	1	60.764566582	60.879658266	1050.000	2572.500	Procnias_averano-XC24176.wav	2
24	Spectrogram 1	1	60.764566582	60.879658266	1050.000	2572.500	Procnias_averano-XC24176.wav	2
25	Waveform 1	1	61.101420292	61.238968890	945.000	2415.000	Procnias_averano-XC24176.wav	2
25	Spectrogram 1	1	61.101420292	61.238968890	945.000	2415.000	Procnias_averano-XC24176.wav	2
26	Waveform 1	1	61.485599056	61.623147654	945.000	2835.000	Procnias_averano-XC24176.wav	2
26	Spectrogram 1	1	61.485599056	61.623147654	945.000	2835.000	Procnias_averano-XC24176.wav	2
27	Waveform 1	1	61.814031422	61.954387134	840.000	2887.500	Procnias_averano-XC24176.wav	2
27	Spectrogram 1	1	61.814031422	61.954387134	840.000	2887.500	Procnias_averano-XC24176.wav	2
28	Waveform 1	1	62.176149160	62.274398158	787.500	2625.000	Procnias_averano-XC24176.wav	2
28	Spectrogram 1	1	62.176149160	62.274398158	787.500	2625.000	Procnias_averano-XC24176.wav	2
