Selection	View	Channel	Begin Time (s)	End Time (s)	Low Freq (Hz)	High Freq (Hz)	Begin File	Tipo
1	Waveform 1	1	0.443524051	0.614758019	940.521	4807.109	Procnias_averano-ML624366788.wav	2
1	Spectrogram 1	1	0.443524051	0.614758019	940.521	4807.109	Procnias_averano-ML624366788.wav	2
2	Waveform 1	1	1.173373754	1.336186380	913.990	4512.824	Procnias_averano-ML624366788.wav	2
2	Spectrogram 1	1	1.173373754	1.336186380	913.990	4512.824	Procnias_averano-ML624366788.wav	2
3	Waveform 1	1	1.903223457	2.046386284	1085.363	4627.073	Procnias_averano-ML624366788.wav	2
3	Spectrogram 1	1	1.903223457	2.046386284	1085.363	4627.073	Procnias_averano-ML624366788.wav	2
4	Waveform 1	1	2.635620419	2.759133446	856.865	4569.948	Procnias_averano-ML624366788.wav	2
4	Spectrogram 1	1	2.635620419	2.759133446	856.865	4569.948	Procnias_averano-ML624366788.wav	2
5	Waveform 1	1	3.351434552	3.477754693	1085.363	4569.948	Procnias_averano-ML624366788.wav	2
5	Spectrogram 1	1	3.351434552	3.477754693	1085.363	4569.948	Procnias_averano-ML624366788.wav	2
6	Waveform 1	1	4.092820021	4.261246876	856.865	4684.197	Procnias_averano-ML624366788.wav	2
6	Spectrogram 1	1	4.092820021	4.261246876	856.865	4684.197	Procnias_averano-ML624366788.wav	2
7	Waveform 1	1	4.778452829	4.960915255	742.617	4455.699	Procnias_averano-ML624366788.wav	2
7	Spectrogram 1	1	4.778452829	4.960915255	742.617	4455.699	Procnias_averano-ML624366788.wav	2
8	Waveform 1	1	5.475835131	5.677947356	742.617	4455.699	Procnias_averano-ML624366788.wav	2
8	Spectrogram 1	1	5.475835131	5.677947356	742.617	4455.699	Procnias_averano-ML624366788.wav	2
9	Waveform 1	1	6.201400101	6.431583469	913.990	4627.073	Procnias_averano-ML624366788.wav	2
9	Spectrogram 1	1	6.201400101	6.431583469	913.990	4627.073	Procnias_averano-ML624366788.wav	2
