Selection	View	Channel	Begin Time (s)	End Time (s)	Low Freq (Hz)	High Freq (Hz)	Begin File	Tipo
1	Waveform 1	1	0.932150326	1.062521001	701.012	4333.526	Procnias_averano-XC769677.wav	1
1	Spectrogram 1	1	0.932150326	1.062521001	701.012	4333.526	Procnias_averano-XC769677.wav	1
24	Waveform 1	1	33.200644916	33.340793391	828.468	4524.711	Procnias_averano-XC769677.wav	1
24	Spectrogram 1	1	33.200644916	33.340793391	828.468	4524.711	Procnias_averano-XC769677.wav	1
37	Waveform 1	1	47.764603210	47.943862888	637.283	4779.624	Procnias_averano-XC769677.wav	1
37	Spectrogram 1	1	47.764603210	47.943862888	637.283	4779.624	Procnias_averano-XC769677.wav	1
38	Waveform 1	1	54.231063176	54.387507986	764.740	4588.439	Procnias_averano-XC769677.wav	1
38	Spectrogram 1	1	54.231063176	54.387507986	764.740	4588.439	Procnias_averano-XC769677.wav	1
53	Waveform 1	1	74.788887741	74.955110351	892.197	4588.439	Procnias_averano-XC769677.wav	1
53	Spectrogram 1	1	74.788887741	74.955110351	892.197	4588.439	Procnias_averano-XC769677.wav	1
54	Waveform 1	1	77.104534069	77.212089876	806.707	4571.341	Procnias_averano-XC769677.wav	1
54	Spectrogram 1	1	77.104534069	77.212089876	806.707	4571.341	Procnias_averano-XC769677.wav	1
55	Waveform 1	1	80.009777202	80.133629343	873.933	4773.018	Procnias_averano-XC769677.wav	1
55	Spectrogram 1	1	80.009777202	80.133629343	873.933	4773.018	Procnias_averano-XC769677.wav	1
56	Waveform 1	1	82.166762396	82.319947939	806.707	4571.341	Procnias_averano-XC769677.wav	1
56	Spectrogram 1	1	82.166762396	82.319947939	806.707	4571.341	Procnias_averano-XC769677.wav	1
57	Waveform 1	1	84.228860214	84.349453088	672.256	3697.409	Procnias_averano-XC769677.wav	1
57	Spectrogram 1	1	84.228860214	84.349453088	672.256	3697.409	Procnias_averano-XC769677.wav	1
58	Waveform 1	1	86.178457193	86.302309335	806.707	4436.890	Procnias_averano-XC769677.wav	1
58	Spectrogram 1	1	86.178457193	86.302309335	806.707	4436.890	Procnias_averano-XC769677.wav	1
84	Waveform 1	1	20.796552259	20.934100857	795.619	4205.412	Procnias_averano-XC769677.wav	1
84	Spectrogram 1	1	20.796552259	20.934100857	795.619	4205.412	Procnias_averano-XC769677.wav	1
2	Waveform 1	1	2.558549533	2.677986989	892.197	1848.121	Procnias_averano-XC769677.wav	3a
2	Spectrogram 1	1	2.558549533	2.677986989	892.197	1848.121	Procnias_averano-XC769677.wav	3a
3	Waveform 1	1	3.145217571	3.280177621	892.197	3313.873	Procnias_averano-XC769677.wav	3a
3	Spectrogram 1	1	3.145217571	3.280177621	892.197	3313.873	Procnias_averano-XC769677.wav	3a
4	Waveform 1	1	3.718848541	3.810722214	637.283	3313.873	Procnias_averano-XC769677.wav	3a
4	Spectrogram 1	1	3.718848541	3.810722214	637.283	3313.873	Procnias_averano-XC769677.wav	3a
5	Waveform 1	1	6.026966331	6.113623302	892.197	3313.873	Procnias_averano-XC769677.wav	3a
5	Spectrogram 1	1	6.026966331	6.113623302	892.197	3313.873	Procnias_averano-XC769677.wav	3a
6	Waveform 1	1	6.600597301	6.691888836	955.925	3377.601	Procnias_averano-XC769677.wav	3a
6	Spectrogram 1	1	6.600597301	6.691888836	955.925	3377.601	Procnias_averano-XC769677.wav	3a
7	Waveform 1	1	7.161191203	7.262131707	955.925	3250.145	Procnias_averano-XC769677.wav	3a
7	Spectrogram 1	1	7.161191203	7.262131707	955.925	3250.145	Procnias_averano-XC769677.wav	3a
8	Waveform 1	1	7.708748038	7.806711871	892.197	3313.873	Procnias_averano-XC769677.wav	3a
8	Spectrogram 1	1	7.708748038	7.806711871	892.197	3313.873	Procnias_averano-XC769677.wav	3a
9	Waveform 1	1	8.821391064	8.923943340	892.197	3250.145	Procnias_averano-XC769677.wav	3a
9	Spectrogram 1	1	8.821391064	8.923943340	892.197	3250.145	Procnias_averano-XC769677.wav	3a
10	Waveform 1	1	9.385244233	9.474137732	892.197	3313.873	Procnias_averano-XC769677.wav	3a
10	Spectrogram 1	1	9.385244233	9.474137732	892.197	3313.873	Procnias_averano-XC769677.wav	3a
11	Waveform 1	1	9.942578869	10.044513219	892.197	3377.601	Procnias_averano-XC769677.wav	3a
11	Spectrogram 1	1	9.942578869	10.044513219	892.197	3377.601	Procnias_averano-XC769677.wav	3a
12	Waveform 1	1	10.499913504	10.589093382	1147.110	3505.058	Procnias_averano-XC769677.wav	3a
12	Spectrogram 1	1	10.499913504	10.589093382	1147.110	3505.058	Procnias_averano-XC769677.wav	3a
13	Waveform 1	1	11.063284941	11.142094888	764.740	3441.329	Procnias_averano-XC769677.wav	3a
13	Spectrogram 1	1	11.063284941	11.142094888	764.740	3441.329	Procnias_averano-XC769677.wav	3a
14	Waveform 1	1	11.627138111	11.723167537	764.740	3377.601	Procnias_averano-XC769677.wav	3a
14	Spectrogram 1	1	11.627138111	11.723167537	764.740	3377.601	Procnias_averano-XC769677.wav	3a
15	Waveform 1	1	12.194250547	12.281781591	892.197	3377.601	Procnias_averano-XC769677.wav	3a
15	Spectrogram 1	1	12.194250547	12.281781591	892.197	3377.601	Procnias_averano-XC769677.wav	3a
16	Waveform 1	1	12.761362983	12.851625782	892.197	3313.873	Procnias_averano-XC769677.wav	3a
16	Spectrogram 1	1	12.761362983	12.851625782	892.197	3313.873	Procnias_averano-XC769677.wav	3a
17	Waveform 1	1	27.158590442	27.237536535	701.012	3058.960	Procnias_averano-XC769677.wav	3a
17	Spectrogram 1	1	27.158590442	27.237536535	701.012	3058.960	Procnias_averano-XC769677.wav	3a
18	Waveform 1	1	27.712665810	27.790538041	892.197	3377.601	Procnias_averano-XC769677.wav	3a
18	Spectrogram 1	1	27.712665810	27.790538041	892.197	3377.601	Procnias_averano-XC769677.wav	3a
19	Waveform 1	1	28.253704111	28.321082633	1019.653	3377.601	Procnias_averano-XC769677.wav	3a
19	Spectrogram 1	1	28.253704111	28.321082633	1019.653	3377.601	Procnias_averano-XC769677.wav	3a
20	Waveform 1	1	28.762149744	28.846012996	764.740	3505.058	Procnias_averano-XC769677.wav	3a
20	Spectrogram 1	1	28.762149744	28.846012996	764.740	3505.058	Procnias_averano-XC769677.wav	3a
21	Waveform 1	1	29.330999268	29.444325762	764.740	3122.688	Procnias_averano-XC769677.wav	3a
21	Spectrogram 1	1	29.330999268	29.444325762	764.740	3122.688	Procnias_averano-XC769677.wav	3a
22	Waveform 1	1	29.901370971	29.988905926	1019.653	3441.329	Procnias_averano-XC769677.wav	3a
22	Spectrogram 1	1	29.901370971	29.988905926	1019.653	3441.329	Procnias_averano-XC769677.wav	3a
23	Waveform 1	1	30.439150005	30.525064746	955.925	3377.601	Procnias_averano-XC769677.wav	3a
23	Spectrogram 1	1	30.439150005	30.525064746	955.925	3377.601	Procnias_averano-XC769677.wav	3a
25	Waveform 1	1	36.606122728	36.715282084	701.012	3313.873	Procnias_averano-XC769677.wav	3a
25	Spectrogram 1	1	36.606122728	36.715282084	701.012	3313.873	Procnias_averano-XC769677.wav	3a
26	Waveform 1	1	37.160198097	37.285126276	828.468	3377.601	Procnias_averano-XC769677.wav	3a
26	Spectrogram 1	1	37.160198097	37.285126276	828.468	3377.601	Procnias_averano-XC769677.wav	3a
27	Waveform 1	1	37.727310533	37.807249525	955.925	3759.971	Procnias_averano-XC769677.wav	3a
27	Spectrogram 1	1	37.727310533	37.807249525	955.925	3759.971	Procnias_averano-XC769677.wav	3a
28	Waveform 1	1	38.297682236	38.388988182	1019.653	3632.514	Procnias_averano-XC769677.wav	3a
28	Spectrogram 1	1	38.297682236	38.388988182	1019.653	3632.514	Procnias_averano-XC769677.wav	3a
29	Waveform 1	1	40.022561704	40.110015277	892.197	3441.329	Procnias_averano-XC769677.wav	3a
29	Spectrogram 1	1	40.022561704	40.110015277	892.197	3441.329	Procnias_averano-XC769677.wav	3a
30	Waveform 1	1	40.547303671	40.640559869	892.197	3568.786	Procnias_averano-XC769677.wav	3a
30	Spectrogram 1	1	40.547303671	40.640559869	892.197	3568.786	Procnias_averano-XC769677.wav	3a
31	Waveform 1	1	41.117675374	41.185140032	1019.653	3632.514	Procnias_averano-XC769677.wav	3a
31	Spectrogram 1	1	41.117675374	41.185140032	1019.653	3632.514	Procnias_averano-XC769677.wav	3a
32	Waveform 1	1	42.237511239	42.342470141	892.197	3632.514	Procnias_averano-XC769677.wav	3a
32	Spectrogram 1	1	42.237511239	42.342470141	892.197	3632.514	Procnias_averano-XC769677.wav	3a
33	Waveform 1	1	42.798105141	42.895471647	1019.653	3632.514	Procnias_averano-XC769677.wav	3a
33	Spectrogram 1	1	42.798105141	42.895471647	1019.653	3632.514	Procnias_averano-XC769677.wav	3a
34	Waveform 1	1	43.358699044	43.440051810	1019.653	3505.058	Procnias_averano-XC769677.wav	3a
34	Spectrogram 1	1	43.358699044	43.440051810	1019.653	3505.058	Procnias_averano-XC769677.wav	3a
35	Waveform 1	1	43.909202822	44.016846423	892.197	3377.601	Procnias_averano-XC769677.wav	3a
35	Spectrogram 1	1	43.909202822	44.016846423	892.197	3377.601	Procnias_averano-XC769677.wav	3a
36	Waveform 1	1	44.473055991	44.581076386	892.197	3632.514	Procnias_averano-XC769677.wav	3a
36	Spectrogram 1	1	44.473055991	44.581076386	892.197	3632.514	Procnias_averano-XC769677.wav	3a
39	Waveform 1	1	59.254348877	59.353698720	892.197	3770.207	Procnias_averano-XC769677.wav	3a
39	Spectrogram 1	1	59.254348877	59.353698720	892.197	3770.207	Procnias_averano-XC769677.wav	3a
40	Waveform 1	1	59.801905712	59.889857540	955.925	3198.964	Procnias_averano-XC769677.wav	3a
40	Spectrogram 1	1	59.801905712	59.889857540	955.925	3198.964	Procnias_averano-XC769677.wav	3a
41	Waveform 1	1	60.349462547	60.442859046	1019.653	3256.088	Procnias_averano-XC769677.wav	3a
41	Spectrogram 1	1	60.349462547	60.442859046	1019.653	3256.088	Procnias_averano-XC769677.wav	3a
42	Waveform 1	1	60.908195454	60.994792902	892.197	3655.959	Procnias_averano-XC769677.wav	3a
42	Spectrogram 1	1	60.908195454	60.994792902	892.197	3655.959	Procnias_averano-XC769677.wav	3a
43	Waveform 1	1	61.455752289	61.575865550	955.925	3941.580	Procnias_averano-XC769677.wav	3a
43	Spectrogram 1	1	61.455752289	61.575865550	955.925	3941.580	Procnias_averano-XC769677.wav	3a
44	Waveform 1	1	61.983753522	62.109217257	1019.653	3598.834	Procnias_averano-XC769677.wav	3a
44	Spectrogram 1	1	61.983753522	62.109217257	1019.653	3598.834	Procnias_averano-XC769677.wav	3a
45	Waveform 1	1	62.547606691	62.649916001	1019.653	3827.332	Procnias_averano-XC769677.wav	3a
45	Spectrogram 1	1	62.547606691	62.649916001	1019.653	3827.332	Procnias_averano-XC769677.wav	3a
46	Waveform 1	1	69.087849760	69.184868761	892.197	3441.329	Procnias_averano-XC769677.wav	3a
46	Spectrogram 1	1	69.087849760	69.184868761	892.197	3441.329	Procnias_averano-XC769677.wav	3a
47	Waveform 1	1	69.645184395	69.749098724	892.197	3377.601	Procnias_averano-XC769677.wav	3a
47	Spectrogram 1	1	69.645184395	69.749098724	892.197	3377.601	Procnias_averano-XC769677.wav	3a
48	Waveform 1	1	70.202519031	70.295018406	892.197	3632.514	Procnias_averano-XC769677.wav	3a
48	Spectrogram 1	1	70.202519031	70.295018406	892.197	3632.514	Procnias_averano-XC769677.wav	3a
49	Waveform 1	1	70.776168177	70.864862598	828.468	3186.416	Procnias_averano-XC769677.wav	3a
49	Spectrogram 1	1	70.776168177	70.864862598	828.468	3186.416	Procnias_averano-XC769677.wav	3a
50	Waveform 1	1	71.343280613	71.443128132	892.197	3441.329	Procnias_averano-XC769677.wav	3a
50	Spectrogram 1	1	71.343280613	71.443128132	892.197	3441.329	Procnias_averano-XC769677.wav	3a
51	Waveform 1	1	71.887578181	71.991848275	1083.382	3313.873	Procnias_averano-XC769677.wav	3a
51	Spectrogram 1	1	71.887578181	71.991848275	1083.382	3313.873	Procnias_averano-XC769677.wav	3a
52	Waveform 1	1	72.454690617	72.558885353	955.925	3632.514	Procnias_averano-XC769677.wav	3a
52	Spectrogram 1	1	72.454690617	72.558885353	955.925	3632.514	Procnias_averano-XC769677.wav	3a
108	Waveform 1	1	42.460368939	42.611953108	856.865	2570.596	Procnias_averano-XC769677.wav	3b
108	Spectrogram 1	1	42.460368939	42.611953108	856.865	2570.596	Procnias_averano-XC769677.wav	3b
62	Waveform 1	1	4.287931635	4.400216205	909.278	3011.985	Procnias_averano-XC769677.wav	3a
62	Spectrogram 1	1	4.287931635	4.400216205	909.278	3011.985	Procnias_averano-XC769677.wav	3a
64	Waveform 1	1	4.852161598	4.972867511	738.789	2727.835	Procnias_averano-XC769677.wav	3a
64	Spectrogram 1	1	4.852161598	4.972867511	738.789	2727.835	Procnias_averano-XC769677.wav	3a
66	Waveform 1	1	5.439915883	5.524129311	681.959	2955.155	Procnias_averano-XC769677.wav	3a
66	Spectrogram 1	1	5.439915883	5.524129311	681.959	2955.155	Procnias_averano-XC769677.wav	3a
72	Waveform 1	1	8.278307064	8.382170291	966.108	2784.665	Procnias_averano-XC769677.wav	3a
72	Spectrogram 1	1	8.278307064	8.382170291	966.108	2784.665	Procnias_averano-XC769677.wav	3a
82	Waveform 1	1	13.317606747	13.413048631	795.619	3182.474	Procnias_averano-XC769677.wav	3a
82	Spectrogram 1	1	13.317606747	13.413048631	795.619	3182.474	Procnias_averano-XC769677.wav	3a
100	Waveform 1	1	39.458498709	39.565169050	795.619	2898.325	Procnias_averano-XC769677.wav	3a
100	Spectrogram 1	1	39.458498709	39.565169050	795.619	2898.325	Procnias_averano-XC769677.wav	3a
122	Waveform 1	1	63.643634444	63.739076328	913.990	3256.088	Procnias_averano-XC769677.wav	3a
122	Spectrogram 1	1	63.643634444	63.739076328	913.990	3256.088	Procnias_averano-XC769677.wav	3a
124	Waveform 1	1	64.185273612	64.269487039	1428.109	3427.461	Procnias_averano-XC769677.wav	3a
124	Spectrogram 1	1	64.185273612	64.269487039	1428.109	3427.461	Procnias_averano-XC769677.wav	3a
126	Waveform 1	1	64.724239547	64.819681431	1256.736	3484.585	Procnias_averano-XC769677.wav	3a
126	Spectrogram 1	1	64.724239547	64.819681431	1256.736	3484.585	Procnias_averano-XC769677.wav	3a
128	Waveform 1	1	66.904699608	67.011369950	1313.860	3370.337	Procnias_averano-XC769677.wav	3a
128	Spectrogram 1	1	66.904699608	67.011369950	1313.860	3370.337	Procnias_averano-XC769677.wav	3a
130	Waveform 1	1	66.351698102	66.449947101	1142.487	3370.337	Procnias_averano-XC769677.wav	3a
130	Spectrogram 1	1	66.351698102	66.449947101	1142.487	3370.337	Procnias_averano-XC769677.wav	3a
59	Waveform 1	1	2.773428873	2.978348213	925.175	1927.448	Procnias_averano-XC769677.wav	3b
59	Spectrogram 1	1	2.773428873	2.978348213	925.175	1927.448	Procnias_averano-XC769677.wav	3b
60	Waveform 1	1	3.375619506	3.541239246	852.448	2727.835	Procnias_averano-XC769677.wav	3b
60	Spectrogram 1	1	3.375619506	3.541239246	852.448	2727.835	Procnias_averano-XC769677.wav	3b
61	Waveform 1	1	3.903356984	4.113890552	966.108	2500.515	Procnias_averano-XC769677.wav	3b
61	Spectrogram 1	1	3.903356984	4.113890552	966.108	2500.515	Procnias_averano-XC769677.wav	3b
63	Waveform 1	1	4.445130033	4.652856487	795.619	2898.325	Procnias_averano-XC769677.wav	3b
63	Spectrogram 1	1	4.445130033	4.652856487	795.619	2898.325	Procnias_averano-XC769677.wav	3b
65	Waveform 1	1	5.049727003	5.254646343	738.789	2273.196	Procnias_averano-XC769677.wav	3b
65	Spectrogram 1	1	5.049727003	5.254646343	738.789	2273.196	Procnias_averano-XC769677.wav	3b
67	Waveform 1	1	5.633606766	5.807647849	852.448	2557.345	Procnias_averano-XC769677.wav	3b
67	Spectrogram 1	1	5.633606766	5.807647849	852.448	2557.345	Procnias_averano-XC769677.wav	3b
68	Waveform 1	1	6.195029615	6.371877812	738.789	2330.026	Procnias_averano-XC769677.wav	3b
68	Spectrogram 1	1	6.195029615	6.371877812	738.789	2330.026	Procnias_averano-XC769677.wav	3b
69	Waveform 1	1	6.781716492	6.978214489	966.108	2898.325	Procnias_averano-XC769677.wav	3b
69	Spectrogram 1	1	6.781716492	6.978214489	966.108	2898.325	Procnias_averano-XC769677.wav	3b
70	Waveform 1	1	7.340730906	7.528807561	966.108	2330.026	Procnias_averano-XC769677.wav	3b
70	Spectrogram 1	1	7.340730906	7.528807561	966.108	2330.026	Procnias_averano-XC769677.wav	3b
71	Waveform 1	1	7.860047041	8.081809067	1022.938	2500.515	Procnias_averano-XC769677.wav	3b
71	Spectrogram 1	1	7.860047041	8.081809067	1022.938	2500.515	Procnias_averano-XC769677.wav	3b
73	Waveform 1	1	8.410241433	8.668495944	966.108	2727.835	Procnias_averano-XC769677.wav	3b
73	Spectrogram 1	1	8.410241433	8.668495944	966.108	2727.835	Procnias_averano-XC769677.wav	3b
74	Waveform 1	1	9.013770996	9.201847650	1136.598	2500.515	Procnias_averano-XC769677.wav	3b
74	Spectrogram 1	1	9.013770996	9.201847650	1136.598	2500.515	Procnias_averano-XC769677.wav	3b
75	Waveform 1	1	9.549929816	9.754849156	852.448	2784.665	Procnias_averano-XC769677.wav	3b
75	Spectrogram 1	1	9.549929816	9.754849156	852.448	2784.665	Procnias_averano-XC769677.wav	3b
76	Waveform 1	1	10.131533761	10.299960615	966.108	2841.495	Procnias_averano-XC769677.wav	3b
76	Spectrogram 1	1	10.131533761	10.299960615	966.108	2841.495	Procnias_averano-XC769677.wav	3b
77	Waveform 1	1	10.690149495	10.881033264	1022.938	2614.175	Procnias_averano-XC769677.wav	3b
77	Spectrogram 1	1	10.690149495	10.881033264	1022.938	2614.175	Procnias_averano-XC769677.wav	3b
78	Waveform 1	1	11.262800801	11.417192084	1022.938	2841.495	Procnias_averano-XC769677.wav	3b
78	Spectrogram 1	1	11.262800801	11.417192084	1022.938	2841.495	Procnias_averano-XC769677.wav	3b
79	Waveform 1	1	11.773695593	11.989843390	852.448	3068.814	Procnias_averano-XC769677.wav	3b
79	Spectrogram 1	1	11.773695593	11.989843390	852.448	3068.814	Procnias_averano-XC769677.wav	3b
80	Waveform 1	1	12.360380790	12.537228987	1022.938	3239.304	Procnias_averano-XC769677.wav	3b
80	Spectrogram 1	1	12.360380790	12.537228987	1022.938	3239.304	Procnias_averano-XC769677.wav	3b
81	Waveform 1	1	12.890925382	13.135144321	909.278	3011.985	Procnias_averano-XC769677.wav	3b
81	Spectrogram 1	1	12.890925382	13.135144321	909.278	3011.985	Procnias_averano-XC769677.wav	3b
83	Waveform 1	1	13.483226487	13.707795627	966.108	2500.515	Procnias_averano-XC769677.wav	3b
83	Spectrogram 1	1	13.483226487	13.707795627	966.108	2500.515	Procnias_averano-XC769677.wav	3b
85	Waveform 1	1	27.279643248	27.560354673	966.108	2557.345	Procnias_averano-XC769677.wav	3b
85	Spectrogram 1	1	27.279643248	27.560354673	966.108	2557.345	Procnias_averano-XC769677.wav	3b
87	Waveform 1	1	27.880365696	28.088092150	1022.938	2671.005	Procnias_averano-XC769677.wav	3b
87	Spectrogram 1	1	27.880365696	28.088092150	1022.938	2671.005	Procnias_averano-XC769677.wav	3b
88	Waveform 1	1	28.422138745	28.632672314	1136.598	2614.175	Procnias_averano-XC769677.wav	3b
88	Spectrogram 1	1	28.422138745	28.632672314	1136.598	2614.175	Procnias_averano-XC769677.wav	3b
89	Waveform 1	1	28.927419309	29.151988449	1079.768	2898.325	Procnias_averano-XC769677.wav	3b
89	Spectrogram 1	1	28.927419309	29.151988449	1079.768	2898.325	Procnias_averano-XC769677.wav	3b
90	Waveform 1	1	29.508889390	29.722230073	966.108	2671.005	Procnias_averano-XC769677.wav	3b
90	Spectrogram 1	1	29.508889390	29.722230073	966.108	2671.005	Procnias_averano-XC769677.wav	3b
91	Waveform 1	1	30.039433982	30.317338292	1136.598	2784.665	Procnias_averano-XC769677.wav	3b
91	Spectrogram 1	1	30.039433982	30.317338292	1136.598	2784.665	Procnias_averano-XC769677.wav	3b
92	Waveform 1	1	30.575592803	30.811390399	909.278	3068.814	Procnias_averano-XC769677.wav	3b
92	Spectrogram 1	1	30.575592803	30.811390399	909.278	3068.814	Procnias_averano-XC769677.wav	3b
93	Waveform 1	1	36.802302626	37.012836194	738.789	3011.985	Procnias_averano-XC769677.wav	3b
93	Spectrogram 1	1	36.802302626	37.012836194	738.789	3011.985	Procnias_averano-XC769677.wav	3b
94	Waveform 1	1	37.327232989	37.557416357	966.108	3182.474	Procnias_averano-XC769677.wav	3b
94	Spectrogram 1	1	37.327232989	37.557416357	966.108	3182.474	Procnias_averano-XC769677.wav	3b
96	Waveform 1	1	37.866198924	38.065504035	909.278	3182.474	Procnias_averano-XC769677.wav	3b
96	Spectrogram 1	1	37.866198924	38.065504035	909.278	3182.474	Procnias_averano-XC769677.wav	3b
97	Waveform 1	1	38.476008723	38.697770749	1022.938	2614.175	Procnias_averano-XC769677.wav	3b
97	Spectrogram 1	1	38.476008723	38.697770749	1022.938	2614.175	Procnias_averano-XC769677.wav	3b
98	Waveform 1	1	38.902690088	39.012167544	1022.938	3239.304	Procnias_averano-XC769677.wav	3b
98	Spectrogram 1	1	38.902690088	39.012167544	1022.938	3239.304	Procnias_averano-XC769677.wav	3b
99	Waveform 1	1	39.096380971	39.259193597	738.789	2500.515	Procnias_averano-XC769677.wav	3b
99	Spectrogram 1	1	39.096380971	39.259193597	738.789	2500.515	Procnias_averano-XC769677.wav	3b
101	Waveform 1	1	39.621311335	39.784123961	909.278	2727.835	Procnias_averano-XC769677.wav	3b
101	Spectrogram 1	1	39.621311335	39.784123961	909.278	2727.835	Procnias_averano-XC769677.wav	3b
104	Waveform 1	1	40.191421590	40.390726701	966.108	2671.005	Procnias_averano-XC769677.wav	3b
104	Spectrogram 1	1	40.191421590	40.390726701	966.108	2671.005	Procnias_averano-XC769677.wav	3b
105	Waveform 1	1	40.721966182	40.893200151	1079.768	2841.495	Procnias_averano-XC769677.wav	3b
105	Spectrogram 1	1	40.721966182	40.893200151	1079.768	2841.495	Procnias_averano-XC769677.wav	3b
106	Waveform 1	1	41.294617488	41.457430114	966.108	2386.856	Procnias_averano-XC769677.wav	3b
106	Spectrogram 1	1	41.294617488	41.457430114	966.108	2386.856	Procnias_averano-XC769677.wav	3b
110	Waveform 1	1	42.979685074	43.187411528	971.114	3256.088	Procnias_averano-XC769677.wav	3b
110	Spectrogram 1	1	42.979685074	43.187411528	971.114	3256.088	Procnias_averano-XC769677.wav	3b
111	Waveform 1	1	43.504615438	43.751641492	971.114	2456.347	Procnias_averano-XC769677.wav	3b
111	Spectrogram 1	1	43.504615438	43.751641492	971.114	2456.347	Procnias_averano-XC769677.wav	3b
113	Waveform 1	1	44.064567365	44.261065362	1028.238	2399.223	Procnias_averano-XC769677.wav	3b
113	Spectrogram 1	1	44.064567365	44.261065362	1028.238	2399.223	Procnias_averano-XC769677.wav	3b
114	Waveform 1	1	44.623183099	44.858980696	799.741	2399.223	Procnias_averano-XC769677.wav	3b
114	Spectrogram 1	1	44.623183099	44.858980696	799.741	2399.223	Procnias_averano-XC769677.wav	3b
115	Waveform 1	1	59.440719261	59.623181687	856.865	3256.088	Procnias_averano-XC769677.wav	3b
115	Spectrogram 1	1	59.440719261	59.623181687	856.865	3256.088	Procnias_averano-XC769677.wav	3b
116	Waveform 1	1	59.965649625	60.148112051	742.617	3370.337	Procnias_averano-XC769677.wav	3b
116	Spectrogram 1	1	59.965649625	60.148112051	742.617	3370.337	Procnias_averano-XC769677.wav	3b
117	Waveform 1	1	60.499001331	60.703920671	971.114	3084.715	Procnias_averano-XC769677.wav	3b
117	Spectrogram 1	1	60.499001331	60.703920671	971.114	3084.715	Procnias_averano-XC769677.wav	3b
118	Waveform 1	1	61.048128072	61.292347012	1028.238	3427.461	Procnias_averano-XC769677.wav	3b
118	Spectrogram 1	1	61.048128072	61.292347012	1028.238	3427.461	Procnias_averano-XC769677.wav	3b
119	Waveform 1	1	61.643236292	61.803241804	1028.238	3141.839	Procnias_averano-XC769677.wav	3b
119	Spectrogram 1	1	61.643236292	61.803241804	1028.238	3141.839	Procnias_averano-XC769677.wav	3b
120	Waveform 1	1	62.170973770	62.336593510	1085.363	3256.088	Procnias_averano-XC769677.wav	3b
120	Spectrogram 1	1	62.170973770	62.336593510	1085.363	3256.088	Procnias_averano-XC769677.wav	3b
121	Waveform 1	1	62.734129429	62.899749169	971.114	3256.088	Procnias_averano-XC769677.wav	3b
121	Spectrogram 1	1	62.734129429	62.899749169	971.114	3256.088	Procnias_averano-XC769677.wav	3b
123	Waveform 1	1	63.792411499	63.955224125	913.990	3198.964	Procnias_averano-XC769677.wav	3b
123	Spectrogram 1	1	63.792411499	63.955224125	913.990	3198.964	Procnias_averano-XC769677.wav	3b
125	Waveform 1	1	64.353700467	64.499670407	856.865	3370.337	Procnias_averano-XC769677.wav	3b
125	Spectrogram 1	1	64.353700467	64.499670407	856.865	3370.337	Procnias_averano-XC769677.wav	3b
127	Waveform 1	1	64.881437945	65.049864799	1028.238	3313.212	Procnias_averano-XC769677.wav	3b
127	Spectrogram 1	1	64.881437945	65.049864799	1028.238	3313.212	Procnias_averano-XC769677.wav	3b
129	Waveform 1	1	67.098390491	67.235939089	1028.238	3313.212	Procnias_averano-XC769677.wav	3b
129	Spectrogram 1	1	67.098390491	67.235939089	1028.238	3313.212	Procnias_averano-XC769677.wav	3b
131	Waveform 1	1	66.534160528	66.733465639	971.114	3313.212	Procnias_averano-XC769677.wav	3b
131	Spectrogram 1	1	66.534160528	66.733465639	971.114	3313.212	Procnias_averano-XC769677.wav	3b
132	Waveform 1	1	69.232589703	69.502072671	913.990	3256.088	Procnias_averano-XC769677.wav	3b
132	Spectrogram 1	1	69.232589703	69.502072671	913.990	3256.088	Procnias_averano-XC769677.wav	3b
133	Waveform 1	1	69.855769065	70.004546120	742.617	2970.466	Procnias_averano-XC769677.wav	3b
133	Spectrogram 1	1	69.855769065	70.004546120	742.617	2970.466	Procnias_averano-XC769677.wav	3b
134	Waveform 1	1	70.345546463	70.575729831	1028.238	3256.088	Procnias_averano-XC769677.wav	3b
134	Spectrogram 1	1	70.345546463	70.575729831	1028.238	3256.088	Procnias_averano-XC769677.wav	3b
135	Waveform 1	1	70.935040454	71.153995365	742.617	3141.839	Procnias_averano-XC769677.wav	3b
135	Spectrogram 1	1	70.935040454	71.153995365	742.617	3141.839	Procnias_averano-XC769677.wav	3b
136	Waveform 1	1	71.485234846	71.701382643	742.617	3141.839	Procnias_averano-XC769677.wav	3b
136	Spectrogram 1	1	71.485234846	71.701382643	742.617	3141.839	Procnias_averano-XC769677.wav	3b
137	Waveform 1	1	72.025533646	72.289402385	913.990	3256.088	Procnias_averano-XC769677.wav	3b
137	Spectrogram 1	1	72.025533646	72.289402385	913.990	3256.088	Procnias_averano-XC769677.wav	3b
138	Waveform 1	1	72.615027637	72.803104292	1028.238	3770.207	Procnias_averano-XC769677.wav	3b
138	Spectrogram 1	1	72.615027637	72.803104292	1028.238	3770.207	Procnias_averano-XC769677.wav	3b
