Selection	View	Channel	Begin Time (s)	End Time (s)	Low Freq (Hz)	High Freq (Hz)	Begin File	Tipo
1	Waveform 1	1	1.437336691	1.548151765	701.012	4588.439	Procnias_averano-ML637998081.wav	1
1	Spectrogram 1	1	1.437336691	1.548151765	701.012	4588.439	Procnias_averano-ML637998081.wav	1
2	Waveform 1	1	4.898026896	5.005582703	828.468	4397.254	Procnias_averano-ML637998081.wav	1
2	Spectrogram 1	1	4.898026896	5.005582703	828.468	4397.254	Procnias_averano-ML637998081.wav	1
3	Waveform 1	1	6.504845465	6.618919805	764.740	4206.069	Procnias_averano-ML637998081.wav	1
3	Spectrogram 1	1	6.504845465	6.618919805	764.740	4206.069	Procnias_averano-ML637998081.wav	1
4	Waveform 1	1	8.151166696	8.271759570	637.283	4078.613	Procnias_averano-ML637998081.wav	1
4	Spectrogram 1	1	8.151166696	8.271759570	637.283	4078.613	Procnias_averano-ML637998081.wav	1
5	Waveform 1	1	9.823170602	9.940504209	828.468	4333.526	Procnias_averano-ML637998081.wav	1
5	Spectrogram 1	1	9.823170602	9.940504209	828.468	4333.526	Procnias_averano-ML637998081.wav	1
6	Waveform 1	1	11.433016515	11.524275987	573.555	4333.526	Procnias_averano-ML637998081.wav	1
6	Spectrogram 1	1	11.433016515	11.524275987	573.555	4333.526	Procnias_averano-ML637998081.wav	1
7	Waveform 1	1	13.140872357	13.245168897	637.283	4014.884	Procnias_averano-ML637998081.wav	1
7	Spectrogram 1	1	13.140872357	13.245168897	637.283	4014.884	Procnias_averano-ML637998081.wav	1
8	Waveform 1	1	19.278704813	19.399297688	637.283	4206.069	Procnias_averano-ML637998081.wav	1
8	Spectrogram 1	1	19.278704813	19.399297688	637.283	4206.069	Procnias_averano-ML637998081.wav	1
9	Waveform 1	1	17.537134062	17.634912068	892.197	4078.613	Procnias_averano-ML637998081.wav	1
9	Spectrogram 1	1	17.537134062	17.634912068	892.197	4078.613	Procnias_averano-ML637998081.wav	1
