Selection	View	Channel	Begin Time (s)	End Time (s)	Low Freq (Hz)	High Freq (Hz)	Begin File	Tipo
1	Waveform 1	1	11.447218666	11.557720856	543.100	10319.000	Procnias_averano-ML7285.wav	1
1	Spectrogram 1	1	11.447218666	11.557720856	543.100	10319.000	Procnias_averano-ML7285.wav	1
2	Waveform 1	1	17.547680571	17.661016150	543.100	10862.100	Procnias_averano-ML7285.wav	1
2	Spectrogram 1	1	17.547680571	17.661016150	543.100	10862.100	Procnias_averano-ML7285.wav	1
3	Waveform 1	1	21.507468048	21.592469732	869.000	7820.700	Procnias_averano-ML7285.wav	2
3	Spectrogram 1	1	21.507468048	21.592469732	869.000	7820.700	Procnias_averano-ML7285.wav	2
6	Waveform 1	1	23.046015753	23.133850827	869.000	9775.900	Procnias_averano-ML7285.wav	2
6	Spectrogram 1	1	23.046015753	23.133850827	869.000	9775.900	Procnias_averano-ML7285.wav	2
7	Waveform 1	1	23.703395165	23.811063965	977.600	9232.800	Procnias_averano-ML7285.wav	2
7	Spectrogram 1	1	23.703395165	23.811063965	977.600	9232.800	Procnias_averano-ML7285.wav	2
8	Waveform 1	1	24.315407291	24.407492449	768.100	7757.400	Procnias_averano-ML7285.wav	2
8	Spectrogram 1	1	24.315407291	24.407492449	768.100	7757.400	Procnias_averano-ML7285.wav	2
9	Waveform 1	1	25.511155840	25.620241335	691.300	6528.500	Procnias_averano-ML7285.wav	2
9	Spectrogram 1	1	25.511155840	25.620241335	691.300	6528.500	Procnias_averano-ML7285.wav	2
10	Waveform 1	1	26.096250766	26.206752956	844.900	6451.700	Procnias_averano-ML7285.wav	2
10	Spectrogram 1	1	26.096250766	26.206752956	844.900	6451.700	Procnias_averano-ML7285.wav	2
11	Waveform 1	1	40.416629479	40.549798784	614.500	9677.600	Procnias_averano-ML7285.wav	1
11	Spectrogram 1	1	40.416629479	40.549798784	614.500	9677.600	Procnias_averano-ML7285.wav	1
12	Waveform 1	1	42.810921772	42.938424298	921.700	5990.900	Procnias_averano-ML7285.wav	1
12	Spectrogram 1	1	42.810921772	42.938424298	921.700	5990.900	Procnias_averano-ML7285.wav	1
13	Waveform 1	1	44.894936533	45.011105501	614.500	7219.800	Procnias_averano-ML7285.wav	1
13	Spectrogram 1	1	44.894936533	45.011105501	614.500	7219.800	Procnias_averano-ML7285.wav	1
14	Waveform 1	1	46.527013593	46.634682393	614.500	7757.400	Procnias_averano-ML7285.wav	1
14	Spectrogram 1	1	46.527013593	46.634682393	614.500	7757.400	Procnias_averano-ML7285.wav	1
15	Waveform 1	1	48.344684192	48.452352992	614.500	9140.000	Procnias_averano-ML7285.wav	1
15	Spectrogram 1	1	48.344684192	48.452352992	614.500	9140.000	Procnias_averano-ML7285.wav	1
16	Waveform 1	1	50.250187911	50.343689764	537.600	7911.100	Procnias_averano-ML7285.wav	1
16	Spectrogram 1	1	50.250187911	50.343689764	537.600	7911.100	Procnias_averano-ML7285.wav	1
17	Waveform 1	1	52.072113169	52.189698832	614.500	8832.700	Procnias_averano-ML7285.wav	1
17	Spectrogram 1	1	52.072113169	52.189698832	614.500	8832.700	Procnias_averano-ML7285.wav	1
18	Waveform 1	1	58.087580690	58.185332627	691.300	8986.400	Procnias_averano-ML7285.wav	2
18	Spectrogram 1	1	58.087580690	58.185332627	691.300	8986.400	Procnias_averano-ML7285.wav	2
19	Waveform 1	1	58.708101312	58.808686638	614.500	8064.700	Procnias_averano-ML7285.wav	2
19	Spectrogram 1	1	58.708101312	58.808686638	614.500	8064.700	Procnias_averano-ML7285.wav	2
20	Waveform 1	1	59.392396536	59.485898388	614.500	9216.800	Procnias_averano-ML7285.wav	2
20	Spectrogram 1	1	59.392396536	59.485898388	614.500	9216.800	Procnias_averano-ML7285.wav	2
21	Waveform 1	1	60.034159252	60.123411020	768.100	10061.600	Procnias_averano-ML7285.wav	2
21	Spectrogram 1	1	60.034159252	60.123411020	768.100	10061.600	Procnias_averano-ML7285.wav	2
22	Waveform 1	1	61.071227298	61.171812624	844.900	8602.300	Procnias_averano-ML7285.wav	2
22	Spectrogram 1	1	61.071227298	61.171812624	844.900	8602.300	Procnias_averano-ML7285.wav	2
23	Waveform 1	1	61.671905866	61.771074498	614.500	9447.200	Procnias_averano-ML7285.wav	2
23	Spectrogram 1	1	61.671905866	61.771074498	614.500	9447.200	Procnias_averano-ML7285.wav	2
24	Waveform 1	1	62.244291510	62.342043447	620.600	9541.200	Procnias_averano-ML7285.wav	2
24	Spectrogram 1	1	62.244291510	62.342043447	620.600	9541.200	Procnias_averano-ML7285.wav	2
25	Waveform 1	1	62.798219153	62.907304647	465.400	8067.300	Procnias_averano-ML7285.wav	2
25	Spectrogram 1	1	62.798219153	62.907304647	465.400	8067.300	Procnias_averano-ML7285.wav	2
26	Waveform 1	1	63.313896037	63.401731111	853.300	6515.900	Procnias_averano-ML7285.wav	2
26	Spectrogram 1	1	63.313896037	63.401731111	853.300	6515.900	Procnias_averano-ML7285.wav	2
27	Waveform 1	1	63.884857480	63.993942975	465.400	8455.200	Procnias_averano-ML7285.wav	2
27	Spectrogram 1	1	63.884857480	63.993942975	465.400	8455.200	Procnias_averano-ML7285.wav	2
28	Waveform 1	1	64.454368765	64.547870617	620.600	8532.800	Procnias_averano-ML7285.wav	2
28	Spectrogram 1	1	64.454368765	64.547870617	620.600	8532.800	Procnias_averano-ML7285.wav	2
29	Waveform 1	1	65.025328409	65.115996873	824.200	7555.500	Procnias_averano-ML7285.wav	2
29	Spectrogram 1	1	65.025328409	65.115996873	824.200	7555.500	Procnias_averano-ML7285.wav	2
30	Waveform 1	1	65.593422999	65.682674767	755.500	7830.200	Procnias_averano-ML7285.wav	2
30	Spectrogram 1	1	65.593422999	65.682674767	755.500	7830.200	Procnias_averano-ML7285.wav	2
31	Waveform 1	1	66.151632391	66.256467802	755.500	8585.700	Procnias_averano-ML7285.wav	2
31	Spectrogram 1	1	66.151632391	66.256467802	755.500	8585.700	Procnias_averano-ML7285.wav	2
32	Waveform 1	1	67.438030384	67.535782321	755.500	9135.200	Procnias_averano-ML7285.wav	2
32	Spectrogram 1	1	67.438030384	67.535782321	755.500	9135.200	Procnias_averano-ML7285.wav	2
33	Waveform 1	1	68.057148346	68.152066893	549.500	8929.200	Procnias_averano-ML7285.wav	2
33	Spectrogram 1	1	68.057148346	68.152066893	549.500	8929.200	Procnias_averano-ML7285.wav	2
34	Waveform 1	1	68.635159798	68.727244956	824.200	9272.600	Procnias_averano-ML7285.wav	2
34	Spectrogram 1	1	68.635159798	68.727244956	824.200	9272.600	Procnias_averano-ML7285.wav	2
35	Waveform 1	1	69.211797325	69.323716209	618.200	8517.100	Procnias_averano-ML7285.wav	2
35	Spectrogram 1	1	69.211797325	69.323716209	618.200	8517.100	Procnias_averano-ML7285.wav	2
36	Waveform 1	1	69.659472862	69.735974378	755.500	8448.400	Procnias_averano-ML7285.wav	2
36	Spectrogram 1	1	69.659472862	69.735974378	755.500	8448.400	Procnias_averano-ML7285.wav	2
37	Waveform 1	1	70.165232883	70.251651262	824.200	8929.200	Procnias_averano-ML7285.wav	2
37	Spectrogram 1	1	70.165232883	70.251651262	824.200	8929.200	Procnias_averano-ML7285.wav	2
38	Waveform 1	1	70.712105942	70.815524657	618.200	8929.200	Procnias_averano-ML7285.wav	2
38	Spectrogram 1	1	70.712105942	70.815524657	618.200	8929.200	Procnias_averano-ML7285.wav	2
39	Waveform 1	1	71.267490271	71.362408819	686.900	7006.000	Procnias_averano-ML7285.wav	2
39	Spectrogram 1	1	71.267490271	71.362408819	686.900	7006.000	Procnias_averano-ML7285.wav	2
40	Waveform 1	1	71.808667661	71.903586208	755.500	8379.700	Procnias_averano-ML7285.wav	2
40	Spectrogram 1	1	71.808667661	71.903586208	755.500	8379.700	Procnias_averano-ML7285.wav	2
41	Waveform 1	1	72.369678777	72.467430714	618.200	7830.200	Procnias_averano-ML7285.wav	2
41	Spectrogram 1	1	72.369678777	72.467430714	618.200	7830.200	Procnias_averano-ML7285.wav	2
42	Waveform 1	1	72.919384248	73.034136522	755.500	8379.700	Procnias_averano-ML7285.wav	2
42	Spectrogram 1	1	72.919384248	73.034136522	755.500	8379.700	Procnias_averano-ML7285.wav	2
43	Waveform 1	1	73.469075840	73.558313574	755.500	8036.300	Procnias_averano-ML7285.wav	2
43	Spectrogram 1	1	73.469075840	73.558313574	755.500	8036.300	Procnias_averano-ML7285.wav	2
44	Waveform 1	1	74.008868201	74.122203780	343.400	8997.900	Procnias_averano-ML7285.wav	2
44	Spectrogram 1	1	74.008868201	74.122203780	343.400	8997.900	Procnias_averano-ML7285.wav	2
45	Waveform 1	1	74.581212875	74.671881338	686.900	8723.100	Procnias_averano-ML7285.wav	2
45	Spectrogram 1	1	74.581212875	74.671881338	686.900	8723.100	Procnias_averano-ML7285.wav	2
46	Waveform 1	1	75.153582686	75.252751317	686.900	8723.100	Procnias_averano-ML7285.wav	2
46	Spectrogram 1	1	75.153582686	75.252751317	686.900	8723.100	Procnias_averano-ML7285.wav	2
47	Waveform 1	1	75.689093296	75.785428538	755.500	7898.900	Procnias_averano-ML7285.wav	2
47	Spectrogram 1	1	75.689093296	75.785428538	755.500	7898.900	Procnias_averano-ML7285.wav	2
48	Waveform 1	1	76.245883218	76.345051850	549.500	8791.800	Procnias_averano-ML7285.wav	2
48	Spectrogram 1	1	76.245883218	76.345051850	549.500	8791.800	Procnias_averano-ML7285.wav	2
49	Waveform 1	1	76.794162690	76.906081574	755.500	9066.500	Procnias_averano-ML7285.wav	2
49	Spectrogram 1	1	76.794162690	76.906081574	755.500	9066.500	Procnias_averano-ML7285.wav	2
