Selection	View	Channel	Begin Time (s)	End Time (s)	Low Freq (Hz)	High Freq (Hz)	Begin File	Tipo
1	Waveform 1	1	2.702456210	2.868678821	828.468	4014.884	Procnias_averano-ML631419197.wav	1
1	Spectrogram 1	1	2.702456210	2.868678821	828.468	4014.884	Procnias_averano-ML631419197.wav	1
2	Waveform 1	1	8.941569216	9.058902823	509.827	4907.081	Procnias_averano-ML631419197.wav	1
2	Spectrogram 1	1	8.941569216	9.058902823	509.827	4907.081	Procnias_averano-ML631419197.wav	1
3	Waveform 1	1	10.381345261	10.498678869	764.740	4333.526	Procnias_averano-ML631419197.wav	2
3	Spectrogram 1	1	10.381345261	10.498678869	764.740	4333.526	Procnias_averano-ML631419197.wav	2
4	Waveform 1	1	11.512310867	11.649399526	892.197	4524.711	Procnias_averano-ML631419197.wav	2
4	Spectrogram 1	1	11.512310867	11.649399526	892.197	4524.711	Procnias_averano-ML631419197.wav	2
5	Waveform 1	1	12.475090377	12.641312988	828.468	4588.439	Procnias_averano-ML631419197.wav	2
5	Spectrogram 1	1	12.475090377	12.641312988	828.468	4588.439	Procnias_averano-ML631419197.wav	2
6	Waveform 1	1	13.423537038	13.645167185	764.740	4524.711	Procnias_averano-ML631419197.wav	2
6	Spectrogram 1	1	13.423537038	13.645167185	764.740	4524.711	Procnias_averano-ML631419197.wav	2
7	Waveform 1	1	15.761030889	15.910957165	573.555	4142.341	Procnias_averano-ML631419197.wav	2
7	Spectrogram 1	1	15.761030889	15.910957165	573.555	4142.341	Procnias_averano-ML631419197.wav	2
8	Waveform 1	1	16.422662064	16.611699543	892.197	4652.168	Procnias_averano-ML631419197.wav	2
8	Spectrogram 1	1	16.422662064	16.611699543	892.197	4652.168	Procnias_averano-ML631419197.wav	2
9	Waveform 1	1	17.067996905	17.250515850	637.283	5289.451	Procnias_averano-ML631419197.wav	2
9	Spectrogram 1	1	17.067996905	17.250515850	637.283	5289.451	Procnias_averano-ML631419197.wav	2
10	Waveform 1	1	17.752442949	17.938221161	509.827	5098.266	Procnias_averano-ML631419197.wav	2
10	Spectrogram 1	1	17.752442949	17.938221161	509.827	5098.266	Procnias_averano-ML631419197.wav	2
11	Waveform 1	1	21.482617029	21.697728643	764.740	5480.636	Procnias_averano-ML631419197.wav	2
11	Spectrogram 1	1	21.482617029	21.697728643	764.740	5480.636	Procnias_averano-ML631419197.wav	2
12	Waveform 1	1	22.098618469	22.297433748	509.827	4397.254	Procnias_averano-ML631419197.wav	2
12	Spectrogram 1	1	22.098618469	22.297433748	509.827	4397.254	Procnias_averano-ML631419197.wav	2
13	Waveform 1	1	22.698323573	22.893879586	637.283	4652.168	Procnias_averano-ML631419197.wav	2
13	Spectrogram 1	1	22.698323573	22.893879586	637.283	4652.168	Procnias_averano-ML631419197.wav	2
14	Waveform 1	1	23.324102813	23.535955160	828.468	4333.526	Procnias_averano-ML631419197.wav	2
14	Spectrogram 1	1	23.324102813	23.535955160	828.468	4333.526	Procnias_averano-ML631419197.wav	2
15	Waveform 1	1	23.901840967	24.116952581	701.012	4333.526	Procnias_averano-ML631419197.wav	2
15	Spectrogram 1	1	23.901840967	24.116952581	701.012	4333.526	Procnias_averano-ML631419197.wav	2
16	Waveform 1	1	24.517842406	24.719916953	573.555	5034.538	Procnias_averano-ML631419197.wav	2
16	Spectrogram 1	1	24.517842406	24.719916953	573.555	5034.538	Procnias_averano-ML631419197.wav	2
17	Waveform 1	1	25.075177042	25.322881324	955.925	4078.613	Procnias_averano-ML631419197.wav	2
17	Spectrogram 1	1	25.075177042	25.322881324	955.925	4078.613	Procnias_averano-ML631419197.wav	2
18	Waveform 1	1	25.648808012	25.886734493	701.012	5098.266	Procnias_averano-ML631419197.wav	2
18	Spectrogram 1	1	25.648808012	25.886734493	701.012	5098.266	Procnias_averano-ML631419197.wav	2
19	Waveform 1	1	26.237666413	26.449518760	764.740	4779.624	Procnias_averano-ML631419197.wav	2
19	Spectrogram 1	1	26.237666413	26.449518760	764.740	4779.624	Procnias_averano-ML631419197.wav	2
20	Waveform 1	1	26.863445653	27.059001666	892.197	4524.711	Procnias_averano-ML631419197.wav	2
20	Spectrogram 1	1	26.863445653	27.059001666	892.197	4524.711	Procnias_averano-ML631419197.wav	2
21	Waveform 1	1	27.469669292	27.697817973	637.283	4970.809	Procnias_averano-ML631419197.wav	2
21	Spectrogram 1	1	27.469669292	27.697817973	637.283	4970.809	Procnias_averano-ML631419197.wav	2
22	Waveform 1	1	28.069374397	28.274708210	764.740	4460.983	Procnias_averano-ML631419197.wav	2
22	Spectrogram 1	1	28.069374397	28.274708210	764.740	4460.983	Procnias_averano-ML631419197.wav	2
23	Waveform 1	1	28.649925101	28.878073783	637.283	4397.254	Procnias_averano-ML631419197.wav	2
23	Spectrogram 1	1	28.649925101	28.878073783	637.283	4397.254	Procnias_averano-ML631419197.wav	2
24	Waveform 1	1	36.707211331	36.863656141	254.913	6181.647	Procnias_averano-ML631419197.wav	1
24	Spectrogram 1	1	36.707211331	36.863656141	254.913	6181.647	Procnias_averano-ML631419197.wav	1
25	Waveform 1	1	57.659465891	57.780058765	318.642	5735.549	Procnias_averano-ML631419197.wav	1
25	Spectrogram 1	1	57.659465891	57.780058765	318.642	5735.549	Procnias_averano-ML631419197.wav	1
26	Waveform 1	1	66.500197860	66.650124136	637.283	4907.081	Procnias_averano-ML631419197.wav	1
26	Spectrogram 1	1	66.500197860	66.650124136	637.283	4907.081	Procnias_averano-ML631419197.wav	1
