Selection	View	Channel	Begin Time (s)	End Time (s)	Low Freq (Hz)	High Freq (Hz)	Begin File	Tipo
1	Waveform 1	1	0.729849703	0.853362730	1050.000	3045.000	Procnias_averano-WA3514333.wav	1
1	Spectrogram 1	1	0.729849703	0.853362730	1050.000	3045.000	Procnias_averano-WA3514333.wav	1
2	Waveform 1	1	6.705362340	6.859753624	1260.000	2677.500	Procnias_averano-WA3514333.wav	2
2	Spectrogram 1	1	6.705362340	6.859753624	1260.000	2677.500	Procnias_averano-WA3514333.wav	2
3	Waveform 1	1	7.397614178	7.532355662	997.500	2782.500	Procnias_averano-WA3514333.wav	2
3	Spectrogram 1	1	7.397614178	7.532355662	997.500	2782.500	Procnias_averano-WA3514333.wav	2
4	Waveform 1	1	8.062900254	8.186413281	840.000	2835.000	Procnias_averano-WA3514333.wav	2
4	Spectrogram 1	1	8.062900254	8.186413281	840.000	2835.000	Procnias_averano-WA3514333.wav	2
5	Waveform 1	1	8.711082439	8.817752781	1470.000	2730.000	Procnias_averano-WA3514333.wav	2
5	Spectrogram 1	1	8.711082439	8.817752781	1470.000	2730.000	Procnias_averano-WA3514333.wav	2
6	Waveform 1	1	21.278169664	21.469053432	892.500	3255.000	Procnias_averano-WA3514333.wav	1
6	Spectrogram 1	1	21.278169664	21.469053432	892.500	3255.000	Procnias_averano-WA3514333.wav	1
7	Waveform 1	1	26.271240885	26.422825055	1102.500	3202.500	Procnias_averano-WA3514333.wav	1
7	Spectrogram 1	1	26.271240885	26.422825055	1102.500	3202.500	Procnias_averano-WA3514333.wav	1
8	Waveform 1	1	31.291505992	31.412211904	892.500	3097.500	Procnias_averano-WA3514333.wav	1
8	Spectrogram 1	1	31.291505992	31.412211904	892.500	3097.500	Procnias_averano-WA3514333.wav	1
9	Waveform 1	1	41.075931907	41.207866276	892.500	3255.000	Procnias_averano-WA3514333.wav	1
9	Spectrogram 1	1	41.075931907	41.207866276	892.500	3255.000	Procnias_averano-WA3514333.wav	1
