Selection	View	Channel	Begin Time (s)	End Time (s)	Low Freq (Hz)	High Freq (Hz)	Begin File	Tipo	Occupancy
3	Waveform 1	1	4.127335601	4.266332168	1000.000	3000.000	Procnias_averano-WA1094673.wav	1	0.8571
3	Spectrogram 1	1	4.127335601	4.266332168	1000.000	3000.000	Procnias_averano-WA1094673.wav	1	0.8571
4	Waveform 1	1	5.056133787	5.181451412	1000.000	3000.000	Procnias_averano-WA1094673.wav	2	0.9020
4	Spectrogram 1	1	5.056133787	5.181451412	1000.000	3000.000	Procnias_averano-WA1094673.wav	2	0.9020
8	Waveform 1	1	5.555362812	5.652363324	1000.000	3000.000	Procnias_averano-WA1094673.wav	2	0.7917
8	Spectrogram 1	1	5.555362812	5.652363324	1000.000	3000.000	Procnias_averano-WA1094673.wav	2	0.7917
9	Waveform 1	1	6.106836735	6.239050201	1000.000	3000.000	Procnias_averano-WA1094673.wav	2	0.7966
9	Spectrogram 1	1	6.106836735	6.239050201	1000.000	3000.000	Procnias_averano-WA1094673.wav	2	0.7966
10	Waveform 1	1	6.710555556	6.820122849	1000.000	3000.000	Procnias_averano-WA1094673.wav	2	0.8846
10	Spectrogram 1	1	6.710555556	6.820122849	1000.000	3000.000	Procnias_averano-WA1094673.wav	2	0.8846
13	Waveform 1	1	7.841791398	8.007411138	1050.000	3000.000	Procnias_averano-WA1094673.wav	1	0.7917
13	Spectrogram 1	1	7.841791398	8.007411138	1050.000	3000.000	Procnias_averano-WA1094673.wav	1	0.7917
14	Waveform 1	1	8.562346939	8.701333357	1000.000	3000.000	Procnias_averano-WA1094673.wav	2	0.8333
14	Spectrogram 1	1	8.562346939	8.701333357	1000.000	3000.000	Procnias_averano-WA1094673.wav	2	0.8333
15	Waveform 1	1	9.404070295	9.579524107	1000.000	3000.000	Procnias_averano-WA1094673.wav	2	0.8793
15	Spectrogram 1	1	9.404070295	9.579524107	1000.000	3000.000	Procnias_averano-WA1094673.wav	2	0.8793
19	Waveform 1	1	10.129693878	10.323409381	1000.000	3000.000	Procnias_averano-WA1094673.wav	2	0.8525
19	Spectrogram 1	1	10.129693878	10.323409381	1000.000	3000.000	Procnias_averano-WA1094673.wav	2	0.8525
20	Waveform 1	1	11.122346939	11.312031737	1000.000	3000.000	Procnias_averano-WA1094673.wav	2	0.9636
20	Spectrogram 1	1	11.122346939	11.312031737	1000.000	3000.000	Procnias_averano-WA1094673.wav	2	0.9636
23	Waveform 1	1	11.894410431	12.016617412	1000.000	3000.000	Procnias_averano-WA1094673.wav	2	0.9367
23	Spectrogram 1	1	11.894410431	12.016617412	1000.000	3000.000	Procnias_averano-WA1094673.wav	2	0.9367
26	Waveform 1	1	17.316269841	17.437738737	1000.000	3031.875	Procnias_averano-WA1094673.wav	3a	0.8431
26	Spectrogram 1	1	17.316269841	17.437738737	1000.000	3031.875	Procnias_averano-WA1094673.wav	3a	0.8431
28	Waveform 1	1	20.328949629	20.550604530	1000.000	3000.000	Procnias_averano-WA1094673.wav	1	0.8211
28	Spectrogram 1	1	20.328949629	20.550604530	1000.000	3000.000	Procnias_averano-WA1094673.wav	1	0.8211
32	Waveform 1	1	22.540759637	22.627302176	1000.000	3000.000	Procnias_averano-WA1094673.wav	3a	0.9652
32	Spectrogram 1	1	22.540759637	22.627302176	1000.000	3000.000	Procnias_averano-WA1094673.wav	3a	0.9652
35	Waveform 1	1	25.681258503	25.838055593	1000.000	3000.000	Procnias_averano-WA1094673.wav	1	0.9634
35	Spectrogram 1	1	25.681258503	25.838055593	1000.000	3000.000	Procnias_averano-WA1094673.wav	1	0.9634
36	Waveform 1	1	26.615861678	26.741946380	1000.000	3000.000	Procnias_averano-WA1094673.wav	3a	0.9545
36	Spectrogram 1	1	26.615861678	26.741946380	1000.000	3000.000	Procnias_averano-WA1094673.wav	3a	0.9545
46	Waveform 1	1	0.044913828	0.165619740	955.925	3377.601	Procnias_averano-WA1094673.wav	1	
46	Spectrogram 1	1	0.044913828	0.165619740	955.925	3377.601	Procnias_averano-WA1094673.wav	1	
47	Waveform 1	1	0.805641788	0.957225957	1274.566	3728.107	Procnias_averano-WA1094673.wav	1	
47	Spectrogram 1	1	0.805641788	0.957225957	1274.566	3728.107	Procnias_averano-WA1094673.wav	1	
48	Waveform 1	1	2.694088314	2.853242900	840.000	3255.000	Procnias_averano-WA1094673.wav	1	
48	Spectrogram 1	1	2.694088314	2.853242900	840.000	3255.000	Procnias_averano-WA1094673.wav	1	
51	Waveform 1	1	14.914579954	15.136341979	840.000	3360.000	Procnias_averano-WA1094673.wav	1	
51	Spectrogram 1	1	14.914579954	15.136341979	840.000	3360.000	Procnias_averano-WA1094673.wav	1	
53	Waveform 1	1	22.731165403	22.905206486	1171.406	3238.594	Procnias_averano-WA1094673.wav	3b	
53	Spectrogram 1	1	22.731165403	22.905206486	1171.406	3238.594	Procnias_averano-WA1094673.wav	3b	
56	Waveform 1	1	26.814931350	26.938444377	689.062	2618.437	Procnias_averano-WA1094673.wav	3b	
56	Spectrogram 1	1	26.814931350	26.938444377	689.062	2618.437	Procnias_averano-WA1094673.wav	3b	
58	Waveform 1	1	17.505109479	17.653886534	1240.312	3445.312	Procnias_averano-WA1094673.wav	3b	
58	Spectrogram 1	1	17.505109479	17.653886534	1240.312	3445.312	Procnias_averano-WA1094673.wav	3b	
