Selection	View	Channel	Begin Time (s)	End Time (s)	Low Freq (Hz)	High Freq (Hz)	Begin File	Tipo
1	Waveform 1	1	0.297554110	0.398610223	577.500	3885.000	Procnias_averano-WA892379.wav	1
1	Spectrogram 1	1	0.297554110	0.398610223	577.500	3885.000	Procnias_averano-WA892379.wav	1
2	Waveform 1	1	1.949253900	2.084894827	735.000	2887.500	Procnias_averano-WA892379.wav	3a
2	Spectrogram 1	1	1.949253900	2.084894827	735.000	2887.500	Procnias_averano-WA892379.wav	3a
3	Waveform 1	1	2.420849093	2.546386066	630.000	2730.000	Procnias_averano-WA892379.wav	3a
3	Spectrogram 1	1	2.420849093	2.546386066	630.000	2730.000	Procnias_averano-WA892379.wav	3a
4	Waveform 1	1	2.954200799	3.082544886	997.500	2782.500	Procnias_averano-WA892379.wav	3a
4	Spectrogram 1	1	2.954200799	3.082544886	997.500	2782.500	Procnias_averano-WA892379.wav	3a
10	Waveform 1	1	6.541340466	6.664853493	625.532	3596.809	Procnias_averano-WA892379.wav	2
10	Spectrogram 1	1	6.541340466	6.664853493	625.532	3596.809	Procnias_averano-WA892379.wav	2
11	Waveform 1	1	7.237504798	7.349789368	938.298	3362.234	Procnias_averano-WA892379.wav	2
11	Spectrogram 1	1	7.237504798	7.349789368	938.298	3362.234	Procnias_averano-WA892379.wav	2
12	Waveform 1	1	8.061780568	8.218978966	832.704	3031.042	Procnias_averano-WA892379.wav	2
12	Spectrogram 1	1	8.061780568	8.218978966	832.704	3031.042	Procnias_averano-WA892379.wav	2
13	Waveform 1	1	8.776191143	8.958653569	1099.169	3197.583	Procnias_averano-WA892379.wav	2
13	Spectrogram 1	1	8.776191143	8.958653569	1099.169	3197.583	Procnias_averano-WA892379.wav	2
14	Waveform 1	1	9.433055876	9.615518302	699.471	3797.130	Procnias_averano-WA892379.wav	2
14	Spectrogram 1	1	9.433055876	9.615518302	699.471	3797.130	Procnias_averano-WA892379.wav	2
15	Waveform 1	1	10.043262088	10.245374314	832.704	3996.979	Procnias_averano-WA892379.wav	2
15	Spectrogram 1	1	10.043262088	10.245374314	832.704	3996.979	Procnias_averano-WA892379.wav	2
16	Waveform 1	1	10.725390850	10.896624818	932.628	3730.514	Procnias_averano-WA892379.wav	2
16	Spectrogram 1	1	10.725390850	10.896624818	932.628	3730.514	Procnias_averano-WA892379.wav	2
17	Waveform 1	1	18.709351307	18.911463533	766.088	4363.369	Procnias_averano-WA892379.wav	1
17	Spectrogram 1	1	18.709351307	18.911463533	766.088	4363.369	Procnias_averano-WA892379.wav	1
18	Waveform 1	1	21.524765133	21.701613330	699.471	4496.601	Procnias_averano-WA892379.wav	1
18	Spectrogram 1	1	21.524765133	21.701613330	699.471	4496.601	Procnias_averano-WA892379.wav	1
19	Waveform 1	1	24.581030272	24.738228670	799.396	4230.136	Procnias_averano-WA892379.wav	1
19	Spectrogram 1	1	24.581030272	24.738228670	799.396	4230.136	Procnias_averano-WA892379.wav	1
20	Waveform 1	1	27.609446031	27.766644428	832.704	4463.293	Procnias_averano-WA892379.wav	1
20	Spectrogram 1	1	27.609446031	27.766644428	832.704	4463.293	Procnias_averano-WA892379.wav	1
21	Waveform 1	1	30.763958577	30.926771204	766.088	4429.985	Procnias_averano-WA892379.wav	1
21	Spectrogram 1	1	30.763958577	30.926771204	766.088	4429.985	Procnias_averano-WA892379.wav	1
22	Waveform 1	1	33.780698958	33.909826213	699.471	4363.369	Procnias_averano-WA892379.wav	1
22	Spectrogram 1	1	33.780698958	33.909826213	699.471	4363.369	Procnias_averano-WA892379.wav	1
23	Waveform 1	1	35.121031624	35.269808680	766.088	2764.577	Procnias_averano-WA892379.wav	3a
23	Spectrogram 1	1	35.121031624	35.269808680	766.088	2764.577	Procnias_averano-WA892379.wav	3a
24	Waveform 1	1	35.803160386	35.971587241	899.320	2598.036	Procnias_averano-WA892379.wav	3a
24	Spectrogram 1	1	35.803160386	35.971587241	899.320	2598.036	Procnias_averano-WA892379.wav	3a
25	Waveform 1	1	36.558274117	36.675725412	932.628	3164.275	Procnias_averano-WA892379.wav	3
25	Spectrogram 1	1	36.558274117	36.675725412	932.628	3164.275	Procnias_averano-WA892379.wav	3
26	Waveform 1	1	37.968896638	38.103638122	832.704	4230.136	Procnias_averano-WA892379.wav	1
26	Spectrogram 1	1	37.968896638	38.103638122	832.704	4230.136	Procnias_averano-WA892379.wav	1
27	Waveform 1	1	40.959133605	41.110717774	699.471	4429.985	Procnias_averano-WA892379.wav	1
27	Spectrogram 1	1	40.959133605	41.110717774	699.471	4429.985	Procnias_averano-WA892379.wav	1
28	Waveform 1	1	42.126893130	42.284091528	699.471	4663.142	Procnias_averano-WA892379.wav	1
28	Spectrogram 1	1	42.126893130	42.284091528	699.471	4663.142	Procnias_averano-WA892379.wav	1
29	Waveform 1	1	45.539094688	45.724364228	699.471	4529.909	Procnias_averano-WA892379.wav	1
29	Spectrogram 1	1	45.539094688	45.724364228	699.471	4529.909	Procnias_averano-WA892379.wav	1
31	Waveform 1	1	2.147775843	2.282517327	622.881	2553.814	Procnias_averano-WA892379.wav	3b
31	Spectrogram 1	1	2.147775843	2.282517327	622.881	2553.814	Procnias_averano-WA892379.wav	3b
32	Waveform 1	1	2.608142579	2.737269834	747.458	2865.254	Procnias_averano-WA892379.wav	3b
32	Spectrogram 1	1	2.608142579	2.737269834	747.458	2865.254	Procnias_averano-WA892379.wav	3b
33	Waveform 1	1	3.124651600	3.295885569	996.610	2989.831	Procnias_averano-WA892379.wav	3b
33	Spectrogram 1	1	3.124651600	3.295885569	996.610	2989.831	Procnias_averano-WA892379.wav	3b
35	Waveform 1	1	35.365250564	35.620697960	797.862	3046.382	Procnias_averano-WA892379.wav	3b
35	Spectrogram 1	1	35.365250564	35.620697960	797.862	3046.382	Procnias_averano-WA892379.wav	3b
36	Waveform 1	1	36.052993554	36.201770609	797.862	2466.118	Procnias_averano-WA892379.wav	3b
36	Spectrogram 1	1	36.052993554	36.201770609	797.862	2466.118	Procnias_averano-WA892379.wav	3b
37	Waveform 1	1	36.751517496	36.894680323	580.263	2828.783	Procnias_averano-WA892379.wav	3b
37	Spectrogram 1	1	36.751517496	36.894680323	580.263	2828.783	Procnias_averano-WA892379.wav	3b
