Selection	View	Channel	Begin Time (s)	End Time (s)	Low Freq (Hz)	High Freq (Hz)	Begin File	Tipo
1	Waveform 1	1	6.302440532	6.476481615	735.000	3465.000	Procnias_averano-WA3725742.wav	1
1	Spectrogram 1	1	6.302440532	6.476481615	735.000	3465.000	Procnias_averano-WA3725742.wav	1
2	Waveform 1	1	9.121537651	9.256279134	997.500	3360.000	Procnias_averano-WA3725742.wav	1
2	Spectrogram 1	1	9.121537651	9.256279134	997.500	3360.000	Procnias_averano-WA3725742.wav	1
3	Waveform 1	1	15.228541835	15.360476204	840.000	3307.500	Procnias_averano-WA3725742.wav	1
3	Spectrogram 1	1	15.228541835	15.360476204	840.000	3307.500	Procnias_averano-WA3725742.wav	1
4	Waveform 1	1	26.468104977	26.588810889	1050.000	3307.500	Procnias_averano-WA3725742.wav	1
4	Spectrogram 1	1	26.468104977	26.588810889	1050.000	3307.500	Procnias_averano-WA3725742.wav	1
5	Waveform 1	1	31.671196506	31.836816246	997.500	4515.000	Procnias_averano-WA3725742.wav	1
5	Spectrogram 1	1	31.671196506	31.836816246	997.500	4515.000	Procnias_averano-WA3725742.wav	1
6	Waveform 1	1	39.966734386	40.093054527	1050.000	3360.000	Procnias_averano-WA3725742.wav	1
6	Spectrogram 1	1	39.966734386	40.093054527	1050.000	3360.000	Procnias_averano-WA3725742.wav	1
7	Waveform 1	1	41.170986397	41.308534995	1050.000	3255.000	Procnias_averano-WA3725742.wav	1
7	Spectrogram 1	1	41.170986397	41.308534995	1050.000	3255.000	Procnias_averano-WA3725742.wav	1
8	Waveform 1	1	49.969043962	50.123435246	1050.000	3255.000	Procnias_averano-WA3725742.wav	1
8	Spectrogram 1	1	49.969043962	50.123435246	1050.000	3255.000	Procnias_averano-WA3725742.wav	1
9	Waveform 1	1	53.523629379	53.675213548	997.500	3255.000	Procnias_averano-WA3725742.wav	1
9	Spectrogram 1	1	53.523629379	53.675213548	997.500	3255.000	Procnias_averano-WA3725742.wav	1
10	Waveform 1	1	56.238506057	56.376054655	1050.000	3255.000	Procnias_averano-WA3725742.wav	1
10	Spectrogram 1	1	56.238506057	56.376054655	1050.000	3255.000	Procnias_averano-WA3725742.wav	1
11	Waveform 1	1	58.982521771	59.139720169	1207.500	3412.500	Procnias_averano-WA3725742.wav	2
11	Spectrogram 1	1	58.982521771	59.139720169	1207.500	3412.500	Procnias_averano-WA3725742.wav	2
12	Waveform 1	1	59.392360450	59.473766764	1102.500	3360.000	Procnias_averano-WA3725742.wav	2
12	Spectrogram 1	1	59.392360450	59.473766764	1102.500	3360.000	Procnias_averano-WA3725742.wav	2
13	Waveform 1	1	59.799392016	59.928519271	1050.000	3465.000	Procnias_averano-WA3725742.wav	2
13	Spectrogram 1	1	59.799392016	59.928519271	1050.000	3465.000	Procnias_averano-WA3725742.wav	2
14	Waveform 1	1	60.228880495	60.335550836	1102.500	3255.000	Procnias_averano-WA3725742.wav	2
14	Spectrogram 1	1	60.228880495	60.335550836	1102.500	3255.000	Procnias_averano-WA3725742.wav	2
15	Waveform 1	1	58.451977179	58.530576378	945.000	3307.500	Procnias_averano-WA3725742.wav	2
15	Spectrogram 1	1	58.451977179	58.530576378	945.000	3307.500	Procnias_averano-WA3725742.wav	2
16	Waveform 1	1	67.572115338	67.762999107	945.000	4935.000	Procnias_averano-WA3725742.wav	1
16	Spectrogram 1	1	67.572115338	67.762999107	945.000	4935.000	Procnias_averano-WA3725742.wav	1
17	Waveform 1	1	74.441618563	74.629695217	997.500	3622.500	Procnias_averano-WA3725742.wav	1
17	Spectrogram 1	1	74.441618563	74.629695217	997.500	3622.500	Procnias_averano-WA3725742.wav	1
18	Waveform 1	1	77.320375761	77.553366243	1260.000	2205.000	Procnias_averano-WA3725742.wav	3a
18	Spectrogram 1	1	77.320375761	77.553366243	1260.000	2205.000	Procnias_averano-WA3725742.wav	3a
19	Waveform 1	1	77.688107726	77.980047608	1207.500	2257.500	Procnias_averano-WA3725742.wav	3b
19	Spectrogram 1	1	77.688107726	77.980047608	1207.500	2257.500	Procnias_averano-WA3725742.wav	3b
20	Waveform 1	1	78.199002519	78.454449915	1155.000	2205.000	Procnias_averano-WA3725742.wav	3a
20	Spectrogram 1	1	78.199002519	78.454449915	1155.000	2205.000	Procnias_averano-WA3725742.wav	3a
21	Waveform 1	1	78.541470457	78.813760538	1102.500	2310.000	Procnias_averano-WA3725742.wav	3b
21	Spectrogram 1	1	78.541470457	78.813760538	1102.500	2310.000	Procnias_averano-WA3725742.wav	3b
22	Waveform 1	1	79.469964573	79.705762169	1207.500	2205.000	Procnias_averano-WA3725742.wav	3a
22	Spectrogram 1	1	79.469964573	79.705762169	1207.500	2205.000	Procnias_averano-WA3725742.wav	3a
23	Waveform 1	1	79.851732110	80.188585819	1207.500	2467.500	Procnias_averano-WA3725742.wav	3b
23	Spectrogram 1	1	79.851732110	80.188585819	1207.500	2467.500	Procnias_averano-WA3725742.wav	3b
24	Waveform 1	1	80.448961131	80.603352414	945.000	2467.500	Procnias_averano-WA3725742.wav	3a
24	Spectrogram 1	1	80.448961131	80.603352414	945.000	2467.500	Procnias_averano-WA3725742.wav	3a
25	Waveform 1	1	80.850378467	81.133897006	1207.500	1785.000	Procnias_averano-WA3725742.wav	3b
25	Spectrogram 1	1	80.850378467	81.133897006	1207.500	1785.000	Procnias_averano-WA3725742.wav	3b
26	Waveform 1	1	81.366201175	81.585156086	997.500	2100.000	Procnias_averano-WA3725742.wav	3a
26	Spectrogram 1	1	81.366201175	81.585156086	997.500	2100.000	Procnias_averano-WA3725742.wav	3a
27	Waveform 1	1	81.708669113	82.017451679	1207.500	1995.000	Procnias_averano-WA3725742.wav	3b
27	Spectrogram 1	1	81.708669113	82.017451679	1207.500	1995.000	Procnias_averano-WA3725742.wav	3b
28	Waveform 1	1	82.225178133	82.424483245	1102.500	2415.000	Procnias_averano-WA3725742.wav	3a
28	Spectrogram 1	1	82.225178133	82.424483245	1102.500	2415.000	Procnias_averano-WA3725742.wav	3a
29	Waveform 1	1	82.556417614	82.879235752	1102.500	2362.500	Procnias_averano-WA3725742.wav	3b
29	Spectrogram 1	1	82.556417614	82.879235752	1102.500	2362.500	Procnias_averano-WA3725742.wav	3b
30	Waveform 1	1	87.397414523	87.588298292	1102.500	2047.500	Procnias_averano-WA3725742.wav	3a
30	Spectrogram 1	1	87.397414523	87.588298292	1102.500	2047.500	Procnias_averano-WA3725742.wav	3a
31	Waveform 1	1	87.765146489	88.003751200	1260.000	2205.000	Procnias_averano-WA3725742.wav	3b
31	Spectrogram 1	1	87.765146489	88.003751200	1260.000	2205.000	Procnias_averano-WA3725742.wav	3b
32	Waveform 1	1	88.247970139	88.472539279	1155.000	1942.500	Procnias_averano-WA3725742.wav	3a
32	Spectrogram 1	1	88.247970139	88.472539279	1155.000	1942.500	Procnias_averano-WA3725742.wav	3a
33	Waveform 1	1	88.579209620	88.882377958	1155.000	2205.000	Procnias_averano-WA3725742.wav	3b
33	Spectrogram 1	1	88.579209620	88.882377958	1155.000	2205.000	Procnias_averano-WA3725742.wav	3b
34	Waveform 1	1	89.116802928	89.310493811	1155.000	1995.000	Procnias_averano-WA3725742.wav	3a
34	Spectrogram 1	1	89.116802928	89.310493811	1155.000	1995.000	Procnias_averano-WA3725742.wav	3a
35	Waveform 1	1	89.439621066	89.703489805	997.500	2152.500	Procnias_averano-WA3725742.wav	3b
35	Spectrogram 1	1	89.439621066	89.703489805	997.500	2152.500	Procnias_averano-WA3725742.wav	3b
36	Waveform 1	1	89.958937201	90.172277883	1050.000	2257.500	Procnias_averano-WA3725742.wav	3a
36	Spectrogram 1	1	89.958937201	90.172277883	1050.000	2257.500	Procnias_averano-WA3725742.wav	3a
37	Waveform 1	1	90.278948225	90.528781392	1207.500	1837.500	Procnias_averano-WA3725742.wav	3b
37	Spectrogram 1	1	90.278948225	90.528781392	1207.500	1837.500	Procnias_averano-WA3725742.wav	3b
38	Waveform 1	1	98.705032223	98.842580821	1050.000	3150.000	Procnias_averano-WA3725742.wav	3a
38	Spectrogram 1	1	98.705032223	98.842580821	1050.000	3150.000	Procnias_averano-WA3725742.wav	3a
39	Waveform 1	1	105.406815526	105.496643182	1109.434	3466.981	Procnias_averano-WA3725742.wav	1
39	Spectrogram 1	1	105.406815526	105.496643182	1109.434	3466.981	Procnias_averano-WA3725742.wav	1
40	Waveform 1	1	105.945781461	106.102979859	901.415	3328.302	Procnias_averano-WA3725742.wav	1
40	Spectrogram 1	1	105.945781461	106.102979859	901.415	3328.302	Procnias_averano-WA3725742.wav	1
41	Waveform 1	1	109.243531230	109.378272713	901.415	3189.623	Procnias_averano-WA3725742.wav	1
41	Spectrogram 1	1	109.243531230	109.378272713	901.415	3189.623	Procnias_averano-WA3725742.wav	1
42	Waveform 1	1	118.268232500	118.388938413	762.736	3258.962	Procnias_averano-WA3725742.wav	1
42	Spectrogram 1	1	118.268232500	118.388938413	762.736	3258.962	Procnias_averano-WA3725742.wav	1
43	Waveform 1	1	126.161310766	126.282016678	901.415	3328.302	Procnias_averano-WA3725742.wav	1
43	Spectrogram 1	1	126.161310766	126.282016678	901.415	3328.302	Procnias_averano-WA3725742.wav	1
44	Waveform 1	1	129.123213498	129.263569210	901.415	3328.302	Procnias_averano-WA3725742.wav	1
44	Spectrogram 1	1	129.123213498	129.263569210	901.415	3328.302	Procnias_averano-WA3725742.wav	1
45	Waveform 1	1	134.461044013	134.612628182	970.755	3397.642	Procnias_averano-WA3725742.wav	1
45	Spectrogram 1	1	134.461044013	134.612628182	970.755	3397.642	Procnias_averano-WA3725742.wav	1
46	Waveform 1	1	141.681797477	141.802503390	1040.094	3328.302	Procnias_averano-WA3725742.wav	1
46	Spectrogram 1	1	141.681797477	141.802503390	1040.094	3328.302	Procnias_averano-WA3725742.wav	1
47	Waveform 1	1	149.758050098	149.951740981	1109.434	2426.887	Procnias_averano-WA3725742.wav	3a
47	Spectrogram 1	1	149.758050098	149.951740981	1109.434	2426.887	Procnias_averano-WA3725742.wav	3a
48	Waveform 1	1	150.092096693	150.420529059	1109.434	2496.226	Procnias_averano-WA3725742.wav	3b
48	Spectrogram 1	1	150.092096693	150.420529059	1109.434	2496.226	Procnias_averano-WA3725742.wav	3b
49	Waveform 1	1	150.633869742	150.819139282	832.075	2218.868	Procnias_averano-WA3725742.wav	3a
49	Spectrogram 1	1	150.633869742	150.819139282	832.075	2218.868	Procnias_averano-WA3725742.wav	3a
50	Waveform 1	1	150.908966938	151.139150306	1040.094	1664.151	Procnias_averano-WA3725742.wav	3b
50	Spectrogram 1	1	150.908966938	151.139150306	1040.094	1664.151	Procnias_averano-WA3725742.wav	3b
51	Waveform 1	1	157.803017267	157.906880494	693.396	3328.302	Procnias_averano-WA3725742.wav	1
51	Spectrogram 1	1	157.803017267	157.906880494	693.396	3328.302	Procnias_averano-WA3725742.wav	1
52	Waveform 1	1	161.960781277	162.053416047	1109.434	3605.660	Procnias_averano-WA3725742.wav	1
52	Spectrogram 1	1	161.960781277	162.053416047	1109.434	3605.660	Procnias_averano-WA3725742.wav	1
