Selection	View	Channel	Begin Time (s)	End Time (s)	Low Freq (Hz)	High Freq (Hz)	Begin File	Tipo
1	Waveform 1	1	9.208136532	9.325470139	1083.382	3377.601	Procnias_averano-ML648689094.wav	2
1	Spectrogram 1	1	9.208136532	9.325470139	1083.382	3377.601	Procnias_averano-ML648689094.wav	2
2	Waveform 1	1	10.127249790	10.260879732	892.197	3441.329	Procnias_averano-ML648689094.wav	2
2	Spectrogram 1	1	10.127249790	10.260879732	892.197	3441.329	Procnias_averano-ML648689094.wav	2
3	Waveform 1	1	11.033325981	11.150659588	1019.653	3313.873	Procnias_averano-ML648689094.wav	2
3	Spectrogram 1	1	11.033325981	11.150659588	1019.653	3313.873	Procnias_averano-ML648689094.wav	2
4	Waveform 1	1	11.858301364	12.004968374	892.197	3377.601	Procnias_averano-ML648689094.wav	2
4	Spectrogram 1	1	11.858301364	12.004968374	892.197	3377.601	Procnias_averano-ML648689094.wav	2
5	Waveform 1	1	12.630747613	12.754599755	828.468	4014.884	Procnias_averano-ML648689094.wav	2
5	Spectrogram 1	1	12.630747613	12.754599755	828.468	4014.884	Procnias_averano-ML648689094.wav	2
6	Waveform 1	1	13.334749258	13.461860666	1019.653	3887.428	Procnias_averano-ML648689094.wav	2
6	Spectrogram 1	1	13.334749258	13.461860666	1019.653	3887.428	Procnias_averano-ML648689094.wav	2
7	Waveform 1	1	14.012676768	14.139788176	701.012	3823.699	Procnias_averano-ML648689094.wav	2
7	Spectrogram 1	1	14.012676768	14.139788176	701.012	3823.699	Procnias_averano-ML648689094.wav	2
8	Waveform 1	1	14.673084450	14.783899524	828.468	3505.058	Procnias_averano-ML648689094.wav	2
8	Spectrogram 1	1	14.673084450	14.783899524	828.468	3505.058	Procnias_averano-ML648689094.wav	2
9	Waveform 1	1	15.337974892	15.435752898	892.197	3696.243	Procnias_averano-ML648689094.wav	2
9	Spectrogram 1	1	15.337974892	15.435752898	892.197	3696.243	Procnias_averano-ML648689094.wav	2
10	Waveform 1	1	15.986569000	16.087606273	828.468	3058.960	Procnias_averano-ML648689094.wav	2
10	Spectrogram 1	1	15.986569000	16.087606273	828.468	3058.960	Procnias_averano-ML648689094.wav	2
11	Waveform 1	1	16.641681642	16.745978182	764.740	4333.526	Procnias_averano-ML648689094.wav	2
11	Spectrogram 1	1	16.641681642	16.745978182	764.740	4333.526	Procnias_averano-ML648689094.wav	2
12	Waveform 1	1	17.257190767	17.390820709	764.740	3887.428	Procnias_averano-ML648689094.wav	2
12	Spectrogram 1	1	17.257190767	17.390820709	764.740	3887.428	Procnias_averano-ML648689094.wav	2
13	Waveform 1	1	17.876451473	18.000303614	637.283	3696.243	Procnias_averano-ML648689094.wav	2
13	Spectrogram 1	1	17.876451473	18.000303614	637.283	3696.243	Procnias_averano-ML648689094.wav	2
14	Waveform 1	1	19.048957974	19.182587916	892.197	2676.590	Procnias_averano-ML648689094.wav	2
14	Spectrogram 1	1	19.048957974	19.182587916	892.197	2676.590	Procnias_averano-ML648689094.wav	2
15	Waveform 1	1	19.645403812	19.752959619	764.740	3377.601	Procnias_averano-ML648689094.wav	2
15	Spectrogram 1	1	19.645403812	19.752959619	764.740	3377.601	Procnias_averano-ML648689094.wav	2
16	Waveform 1	1	20.225553316	20.320072055	828.468	3505.058	Procnias_averano-ML648689094.wav	2
16	Spectrogram 1	1	20.225553316	20.320072055	828.468	3505.058	Procnias_averano-ML648689094.wav	2
17	Waveform 1	1	20.769067116	20.866845123	637.283	3632.514	Procnias_averano-ML648689094.wav	2
17	Spectrogram 1	1	20.769067116	20.866845123	637.283	3632.514	Procnias_averano-ML648689094.wav	2
18	Waveform 1	1	21.319883218	21.417661224	701.012	4206.069	Procnias_averano-ML648689094.wav	2
18	Spectrogram 1	1	21.319883218	21.417661224	701.012	4206.069	Procnias_averano-ML648689094.wav	2
19	Waveform 1	1	21.838106651	21.955440258	637.283	3951.156	Procnias_averano-ML648689094.wav	2
19	Spectrogram 1	1	21.838106651	21.955440258	637.283	3951.156	Procnias_averano-ML648689094.wav	2
20	Waveform 1	1	22.412947549	22.510725555	764.740	4014.884	Procnias_averano-ML648689094.wav	2
20	Spectrogram 1	1	22.412947549	22.510725555	764.740	4014.884	Procnias_averano-ML648689094.wav	2
21	Waveform 1	1	23.015911921	23.120208461	892.197	3377.601	Procnias_averano-ML648689094.wav	2
21	Spectrogram 1	1	23.015911921	23.120208461	892.197	3377.601	Procnias_averano-ML648689094.wav	2
22	Waveform 1	1	23.576505823	23.713395032	1019.653	3441.329	Procnias_averano-ML648689094.wav	2
22	Spectrogram 1	1	23.576505823	23.713395032	1019.653	3441.329	Procnias_averano-ML648689094.wav	2
23	Waveform 1	1	24.163173860	24.254433333	637.283	3186.416	Procnias_averano-ML648689094.wav	2
23	Spectrogram 1	1	24.163173860	24.254433333	637.283	3186.416	Procnias_averano-ML648689094.wav	2
24	Waveform 1	1	24.771918804	24.856659742	892.197	3313.873	Procnias_averano-ML648689094.wav	2
24	Spectrogram 1	1	24.771918804	24.856659742	892.197	3313.873	Procnias_averano-ML648689094.wav	2
25	Waveform 1	1	25.325994172	25.446587047	1019.653	3632.514	Procnias_averano-ML648689094.wav	2
25	Spectrogram 1	1	25.325994172	25.446587047	1019.653	3632.514	Procnias_averano-ML648689094.wav	2
26	Waveform 1	1	25.932217811	26.026736550	892.197	3313.873	Procnias_averano-ML648689094.wav	2
26	Spectrogram 1	1	25.932217811	26.026736550	892.197	3313.873	Procnias_averano-ML648689094.wav	2
27	Waveform 1	1	26.515626581	26.626441655	764.740	3377.601	Procnias_averano-ML648689094.wav	2
27	Spectrogram 1	1	26.515626581	26.626441655	764.740	3377.601	Procnias_averano-ML648689094.wav	2
28	Waveform 1	1	27.105553885	27.193554091	828.468	3505.058	Procnias_averano-ML648689094.wav	2
28	Spectrogram 1	1	27.105553885	27.193554091	828.468	3505.058	Procnias_averano-ML648689094.wav	2
29	Waveform 1	1	27.674071346	27.788145687	637.283	3632.514	Procnias_averano-ML648689094.wav	2
29	Spectrogram 1	1	27.674071346	27.788145687	637.283	3632.514	Procnias_averano-ML648689094.wav	2
30	Waveform 1	1	28.316146920	28.439999061	764.740	3377.601	Procnias_averano-ML648689094.wav	2
30	Spectrogram 1	1	28.316146920	28.439999061	764.740	3377.601	Procnias_averano-ML648689094.wav	2
31	Waveform 1	1	28.951703961	29.052741234	637.283	3696.243	Procnias_averano-ML648689094.wav	2
31	Spectrogram 1	1	28.951703961	29.052741234	637.283	3696.243	Procnias_averano-ML648689094.wav	2
