Selection	View	Channel	Begin Time (s)	End Time (s)	Low Freq (Hz)	High Freq (Hz)	Begin File	Tipo	Occupancy
1	Waveform 1	1	7.320079365	7.473481167	1000.000	3000.000	Procnias_averano-WA907877.wav 	1	0.7769
1	Spectrogram 1	1	7.320079365	7.473481167	1000.000	3000.000	Procnias_averano-WA907877.wav 	1	0.7769
2	Waveform 1	1	13.455952381	13.602918310	1000.000	3000.000	Procnias_averano-WA907877.wav 	1	0.8901
2	Spectrogram 1	1	13.455952381	13.602918310	1000.000	3000.000	Procnias_averano-WA907877.wav 	1	0.8901
3	Waveform 1	1	14.402165533	14.559118131	1000.000	3000.000	Procnias_averano-WA907877.wav 	3	0.9296
3	Spectrogram 1	1	14.402165533	14.559118131	1000.000	3000.000	Procnias_averano-WA907877.wav 	3	0.9296
4	Waveform 1	1	15.046519274	15.185104608	1000.000	3000.000	Procnias_averano-WA907877.wav 	3	0.9211
4	Spectrogram 1	1	15.046519274	15.185104608	1000.000	3000.000	Procnias_averano-WA907877.wav 	3	0.9211
5	Waveform 1	1	15.708287982	15.836857473	1000.000	3000.000	Procnias_averano-WA907877.wav 	3	0.8824
5	Spectrogram 1	1	15.708287982	15.836857473	1000.000	3000.000	Procnias_averano-WA907877.wav 	3	0.8824
6	Waveform 1	1	16.329421769	16.462655142	1000.000	3000.000	Procnias_averano-WA907877.wav 	3	0.8485
6	Spectrogram 1	1	16.329421769	16.462655142	1000.000	3000.000	Procnias_averano-WA907877.wav 	3	0.8485
7	Waveform 1	1	16.979580499	17.094274901	1000.000	3000.000	Procnias_averano-WA907877.wav 	3	0.7258
7	Spectrogram 1	1	16.979580499	17.094274901	1000.000	3000.000	Procnias_averano-WA907877.wav 	3	0.7258
8	Waveform 1	1	17.577494331	17.706143653	1000.000	3000.000	Procnias_averano-WA907877.wav 	3	0.7391
8	Spectrogram 1	1	17.577494331	17.706143653	1000.000	3000.000	Procnias_averano-WA907877.wav 	3	0.7391
9	Waveform 1	1	18.816237732	18.981857473	1000.000	3000.000	Procnias_averano-WA907877.wav 	3	0.8689
9	Spectrogram 1	1	18.816237732	18.981857473	1000.000	3000.000	Procnias_averano-WA907877.wav 	3	0.8689
10	Waveform 1	1	19.435090703	19.585988843	1000.000	3000.000	Procnias_averano-WA907877.wav 	3	0.8281
10	Spectrogram 1	1	19.435090703	19.585988843	1000.000	3000.000	Procnias_averano-WA907877.wav 	3	0.8281
11	Waveform 1	1	20.050419501	20.193697074	1000.000	3000.000	Procnias_averano-WA907877.wav 	3	0.8226
11	Spectrogram 1	1	20.050419501	20.193697074	1000.000	3000.000	Procnias_averano-WA907877.wav 	3	0.8226
12	Waveform 1	1	20.630918367	20.766554426	1000.000	3000.000	Procnias_averano-WA907877.wav 	3	0.8305
12	Spectrogram 1	1	20.630918367	20.766554426	1000.000	3000.000	Procnias_averano-WA907877.wav 	3	0.8305
13	Waveform 1	1	21.217222222	21.352097573	1000.000	3000.000	Procnias_averano-WA907877.wav 	3	0.7193
13	Spectrogram 1	1	21.217222222	21.352097573	1000.000	3000.000	Procnias_averano-WA907877.wav 	3	0.7193
14	Waveform 1	1	23.010963719	23.146671391	1000.000	3000.000	Procnias_averano-WA907877.wav 	3	0.7077
14	Spectrogram 1	1	23.010963719	23.146671391	1000.000	3000.000	Procnias_averano-WA907877.wav 	3	0.7077
15	Waveform 1	1	23.637902494	23.760471765	1000.000	3000.000	Procnias_averano-WA907877.wav 	3	0.8361
15	Spectrogram 1	1	23.637902494	23.760471765	1000.000	3000.000	Procnias_averano-WA907877.wav 	3	0.8361
16	Waveform 1	1	24.189376417	24.274569433	1000.000	3000.000	Procnias_averano-WA907877.wav 	3	0.9643
16	Spectrogram 1	1	24.189376417	24.274569433	1000.000	3000.000	Procnias_averano-WA907877.wav 	3	0.9643
17	Waveform 1	1	24.752460317	24.855848128	1000.000	3000.000	Procnias_averano-WA907877.wav 	3	0.9167
17	Spectrogram 1	1	24.752460317	24.855848128	1000.000	3000.000	Procnias_averano-WA907877.wav 	3	0.9167
18	Waveform 1	1	25.356179138	25.500234928	1000.000	3000.000	Procnias_averano-WA907877.wav 	3	0.8906
18	Spectrogram 1	1	25.356179138	25.500234928	1000.000	3000.000	Procnias_averano-WA907877.wav 	3	0.8906
19	Waveform 1	1	14.604031959	14.775265928	892.197	2867.775	Procnias_averano-WA907877.wav 	3b	
19	Spectrogram 1	1	14.604031959	14.775265928	892.197	2867.775	Procnias_averano-WA907877.wav 	3b	
20	Waveform 1	1	15.238439778	15.420902204	955.925	2995.231	Procnias_averano-WA907877.wav 	3b	
20	Spectrogram 1	1	15.238439778	15.420902204	955.925	2995.231	Procnias_averano-WA907877.wav 	3b	
21	Waveform 1	1	15.929492243	16.100726212	1147.110	2740.318	Procnias_averano-WA907877.wav 	3b	
21	Spectrogram 1	1	15.929492243	16.100726212	1147.110	2740.318	Procnias_averano-WA907877.wav 	3b	
22	Waveform 1	1	16.518797427	16.726523881	828.468	2421.676	Procnias_averano-WA907877.wav 	3b	
22	Spectrogram 1	1	16.518797427	16.726523881	828.468	2421.676	Procnias_averano-WA907877.wav 	3b	
24	Waveform 1	1	17.178488328	17.332879611	1019.653	2867.775	Procnias_averano-WA907877.wav 	3b	
24	Spectrogram 1	1	17.178488328	17.332879611	1019.653	2867.775	Procnias_averano-WA907877.wav 	3b	
25	Waveform 1	1	17.776321509	17.964398163	637.283	2549.133	Procnias_averano-WA907877.wav 	3b	
25	Spectrogram 1	1	17.776321509	17.964398163	637.283	2549.133	Procnias_averano-WA907877.wav 	3b	
26	Waveform 1	1	18.187819942	18.330982768	637.283	2549.133	Procnias_averano-WA907877.wav 	3a	
26	Spectrogram 1	1	18.187819942	18.330982768	637.283	2549.133	Procnias_averano-WA907877.wav 	3a	
27	Waveform 1	1	18.426424652	18.600465735	828.468	2549.133	Procnias_averano-WA907877.wav 	3b	
27	Spectrogram 1	1	18.426424652	18.600465735	828.468	2549.133	Procnias_averano-WA907877.wav 	3b	
29	Waveform 1	1	19.037999758	19.203619498	892.197	2740.318	Procnias_averano-WA907877.wav 	3b	
29	Spectrogram 1	1	19.037999758	19.203619498	892.197	2740.318	Procnias_averano-WA907877.wav 	3b	
30	Waveform 1	1	19.642131128	19.821786440	1019.653	2549.133	Procnias_averano-WA907877.wav 	3b	
30	Spectrogram 1	1	19.642131128	19.821786440	1019.653	2549.133	Procnias_averano-WA907877.wav 	3b	
31	Waveform 1	1	20.238610902	20.432301784	892.197	2549.133	Procnias_averano-WA907877.wav 	3b	
31	Spectrogram 1	1	20.238610902	20.432301784	892.197	2549.133	Procnias_averano-WA907877.wav 	3b	
32	Waveform 1	1	20.817082482	20.985509337	892.197	2676.590	Procnias_averano-WA907877.wav 	3b	
32	Spectrogram 1	1	20.817082482	20.985509337	892.197	2676.590	Procnias_averano-WA907877.wav 	3b	
33	Waveform 1	1	21.433503886	21.559824027	892.197	2676.590	Procnias_averano-WA907877.wav 	3b	
33	Spectrogram 1	1	21.433503886	21.559824027	892.197	2676.590	Procnias_averano-WA907877.wav 	3b	
34	Waveform 1	1	21.777531277	21.929115446	637.283	2612.861	Procnias_averano-WA907877.wav 	3a	
34	Spectrogram 1	1	21.777531277	21.929115446	637.283	2612.861	Procnias_averano-WA907877.wav 	3a	
35	Waveform 1	1	21.993679074	22.164913043	828.468	2740.318	Procnias_averano-WA907877.wav 	3b	
35	Spectrogram 1	1	21.993679074	22.164913043	828.468	2740.318	Procnias_averano-WA907877.wav 	3b	
36	Waveform 1	1	22.408860113	22.560444283	955.925	2676.590	Procnias_averano-WA907877.wav 	3aa	
36	Spectrogram 1	1	22.408860113	22.560444283	955.925	2676.590	Procnias_averano-WA907877.wav 	3aa	
37	Waveform 1	1	22.622200796	22.804663222	764.740	2549.133	Procnias_averano-WA907877.wav 	3b	
37	Spectrogram 1	1	22.622200796	22.804663222	764.740	2549.133	Procnias_averano-WA907877.wav 	3b	
39	Waveform 1	1	23.214042133	23.382468988	892.197	2549.133	Procnias_averano-WA907877.wav 	3b	
39	Spectrogram 1	1	23.214042133	23.382468988	892.197	2549.133	Procnias_averano-WA907877.wav 	3b	
40	Waveform 1	1	23.813806935	23.971005333	892.197	2549.133	Procnias_averano-WA907877.wav 	3b	
40	Spectrogram 1	1	23.813806935	23.971005333	892.197	2549.133	Procnias_averano-WA907877.wav 	3b	
41	Waveform 1	1	24.353168632	24.515981258	764.740	2421.676	Procnias_averano-WA907877.wav 	3b	
41	Spectrogram 1	1	24.353168632	24.515981258	764.740	2421.676	Procnias_averano-WA907877.wav 	3b	
42	Waveform 1	1	24.914797527	25.108488410	764.740	2421.676	Procnias_averano-WA907877.wav 	3b	
42	Spectrogram 1	1	24.914797527	25.108488410	764.740	2421.676	Procnias_averano-WA907877.wav 	3b	
43	Waveform 1	1	25.533920299	25.688311582	828.468	2676.590	Procnias_averano-WA907877.wav 	3b	
43	Spectrogram 1	1	25.533920299	25.688311582	828.468	2676.590	Procnias_averano-WA907877.wav 	3b	
