Selection	View	Channel	Begin Time (s)	End Time (s)	Low Freq (Hz)	High Freq (Hz)	Begin File	Tipo
1	Waveform 1	1	2.651556056	2.778667464	828.468	3696.243	Procnias_averano-XC680641.wav	1
1	Spectrogram 1	1	2.651556056	2.778667464	828.468	3696.243	Procnias_averano-XC680641.wav	1
2	Waveform 1	1	7.103124335	7.226976476	668.182	4426.705	Procnias_averano-XC680641.wav	1
2	Spectrogram 1	1	7.103124335	7.226976476	668.182	4426.705	Procnias_averano-XC680641.wav	1
3	Waveform 1	1	11.857539717	11.961836257	835.227	4760.795	Procnias_averano-XC680641.wav	1
3	Spectrogram 1	1	11.857539717	11.961836257	835.227	4760.795	Procnias_averano-XC680641.wav	1
4	Waveform 1	1	15.871217396	15.978773203	835.227	4510.227	Procnias_averano-XC680641.wav	1
4	Spectrogram 1	1	15.871217396	15.978773203	835.227	4510.227	Procnias_averano-XC680641.wav	1
5	Waveform 1	1	22.623309520	22.730865327	668.182	4343.182	Procnias_averano-XC680641.wav	1
5	Spectrogram 1	1	22.623309520	22.730865327	668.182	4343.182	Procnias_averano-XC680641.wav	1
6	Waveform 1	1	27.201283774	27.318617382	835.227	4510.227	Procnias_averano-XC680641.wav	1
6	Spectrogram 1	1	27.201283774	27.318617382	835.227	4510.227	Procnias_averano-XC680641.wav	1
7	Waveform 1	1	39.041122930	39.200827007	751.705	2672.727	Procnias_averano-XC680641.wav	2
7	Spectrogram 1	1	39.041122930	39.200827007	751.705	2672.727	Procnias_averano-XC680641.wav	2
8	Waveform 1	1	39.653865102	39.855939648	1002.273	2589.205	Procnias_averano-XC680641.wav	2
8	Spectrogram 1	1	39.653865102	39.855939648	1002.273	2589.205	Procnias_averano-XC680641.wav	2
9	Waveform 1	1	40.273125808	40.426311351	668.182	2756.250	Procnias_averano-XC680641.wav	2
9	Spectrogram 1	1	40.273125808	40.426311351	668.182	2756.250	Procnias_averano-XC680641.wav	2
10	Waveform 1	1	40.885867980	41.068386925	668.182	2672.727	Procnias_averano-XC680641.wav	2
10	Spectrogram 1	1	40.885867980	41.068386925	668.182	2672.727	Procnias_averano-XC680641.wav	2
11	Waveform 1	1	46.959951179	47.100099655	584.659	4927.841	Procnias_averano-XC680641.wav	1
11	Spectrogram 1	1	46.959951179	47.100099655	584.659	4927.841	Procnias_averano-XC680641.wav	1
12	Waveform 1	1	35.503646651	35.634017326	584.659	4426.705	Procnias_averano-XC680641.wav	1
12	Spectrogram 1	1	35.503646651	35.634017326	584.659	4426.705	Procnias_averano-XC680641.wav	1
