Selection	View	Channel	Begin Time (s)	End Time (s)	Low Freq (Hz)	High Freq (Hz)	Begin File	Tipo	Occupancy
1	Waveform 1	1	6.733775510	7.035634921	1000.000	2600.000	Procnias_averano-XC460345.wav	2	0.9808
1	Spectrogram 1	1	6.733775510	7.035634921	1000.000	2600.000	Procnias_averano-XC460345.wav	2	0.9808
2	Waveform 1	1	8.602981859	8.881621315	1000.000	2600.000	Procnias_averano-XC460345.wav	2	0.9375
2	Spectrogram 1	1	8.602981859	8.881621315	1000.000	2600.000	Procnias_averano-XC460345.wav	2	0.9375
3	Waveform 1	1	9.218310658	9.485340136	1000.000	2600.000	Procnias_averano-XC460345.wav	2	0.9783
3	Spectrogram 1	1	9.218310658	9.485340136	1000.000	2600.000	Procnias_averano-XC460345.wav	2	0.9783
4	Waveform 1	1	9.839444444	10.112278912	1000.000	2600.000	Procnias_averano-XC460345.wav	2	1.0000
4	Spectrogram 1	1	9.839444444	10.112278912	1000.000	2600.000	Procnias_averano-XC460345.wav	2	1.0000
5	Waveform 1	1	10.454773243	10.727607710	1000.000	2600.000	Procnias_averano-XC460345.wav	2	1.0000
5	Spectrogram 1	1	10.454773243	10.727607710	1000.000	2600.000	Procnias_averano-XC460345.wav	2	1.0000
6	Waveform 1	1	11.685430839	11.952460317	1000.000	2600.000	Procnias_averano-XC460345.wav	2	0.9565
6	Spectrogram 1	1	11.685430839	11.952460317	1000.000	2600.000	Procnias_averano-XC460345.wav	2	0.9565
7	Waveform 1	1	13.508197279	13.792641723	1000.000	2600.000	Procnias_averano-XC460345.wav	2	0.9796
7	Spectrogram 1	1	13.508197279	13.792641723	1000.000	2600.000	Procnias_averano-XC460345.wav	2	0.9796
8	Waveform 1	1	17.188560091	17.490419501	1000.000	2600.000	Procnias_averano-XC460345.wav	2	0.9808
8	Spectrogram 1	1	17.188560091	17.490419501	1000.000	2600.000	Procnias_averano-XC460345.wav	2	0.9808
9	Waveform 1	1	17.792278912	18.082528345	1000.000	2600.000	Procnias_averano-XC460345.wav	2	0.9600
9	Spectrogram 1	1	17.792278912	18.082528345	1000.000	2600.000	Procnias_averano-XC460345.wav	2	0.9600
10	Waveform 1	1	18.395997732	18.697857143	1000.000	2600.000	Procnias_averano-XC460345.wav	2	0.9615
10	Spectrogram 1	1	18.395997732	18.697857143	1000.000	2600.000	Procnias_averano-XC460345.wav	2	0.9615
11	Waveform 1	1	19.005521542	19.307380952	1000.000	2600.000	Procnias_averano-XC460345.wav	2	0.8846
11	Spectrogram 1	1	19.005521542	19.307380952	1000.000	2600.000	Procnias_averano-XC460345.wav	2	0.8846
12	Waveform 1	1	19.632460317	19.934319728	1000.000	2600.000	Procnias_averano-XC460345.wav	2	0.9423
12	Spectrogram 1	1	19.632460317	19.934319728	1000.000	2600.000	Procnias_averano-XC460345.wav	2	0.9423
13	Waveform 1	1	20.247789116	20.543843537	1000.000	2600.000	Procnias_averano-XC460345.wav	2	0.9412
13	Spectrogram 1	1	20.247789116	20.543843537	1000.000	2600.000	Procnias_averano-XC460345.wav	2	0.9412
14	Waveform 1	1	20.868922902	21.159172336	1000.000	2600.000	Procnias_averano-XC460345.wav	2	0.9400
14	Spectrogram 1	1	20.868922902	21.159172336	1000.000	2600.000	Procnias_averano-XC460345.wav	2	0.9400
15	Waveform 1	1	21.513276644	21.803526077	1000.000	2600.000	Procnias_averano-XC460345.wav	2	0.9000
15	Spectrogram 1	1	21.513276644	21.803526077	1000.000	2600.000	Procnias_averano-XC460345.wav	2	0.9000
16	Waveform 1	1	22.134410431	22.436269841	1000.000	2600.000	Procnias_averano-XC460345.wav	2	0.9615
16	Spectrogram 1	1	22.134410431	22.436269841	1000.000	2600.000	Procnias_averano-XC460345.wav	2	0.9615
17	Waveform 1	1	26.435907029	26.737766440	1000.000	2600.000	Procnias_averano-XC460345.wav	2	0.9808
17	Spectrogram 1	1	26.435907029	26.737766440	1000.000	2600.000	Procnias_averano-XC460345.wav	2	0.9808
18	Waveform 1	1	27.057040816	27.347290249	1000.000	2600.000	Procnias_averano-XC460345.wav	2	0.9600
18	Spectrogram 1	1	27.057040816	27.347290249	1000.000	2600.000	Procnias_averano-XC460345.wav	2	0.9600
19	Waveform 1	1	27.678174603	27.962619048	1000.000	2600.000	Procnias_averano-XC460345.wav	2	0.9388
19	Spectrogram 1	1	27.678174603	27.962619048	1000.000	2600.000	Procnias_averano-XC460345.wav	2	0.9388
20	Waveform 1	1	28.299308390	28.601167800	1000.000	2600.000	Procnias_averano-XC460345.wav	2	0.8846
20	Spectrogram 1	1	28.299308390	28.601167800	1000.000	2600.000	Procnias_averano-XC460345.wav	2	0.8846
21	Waveform 1	1	28.908832200	29.210691610	1000.000	2600.000	Procnias_averano-XC460345.wav	2	0.8846
21	Spectrogram 1	1	28.908832200	29.210691610	1000.000	2600.000	Procnias_averano-XC460345.wav	2	0.8846
22	Waveform 1	1	31.991281179	32.293140590	1000.000	2600.000	Procnias_averano-XC460345.wav	2	0.9808
22	Spectrogram 1	1	31.991281179	32.293140590	1000.000	2600.000	Procnias_averano-XC460345.wav	2	0.9808
23	Waveform 1	1	33.233548753	33.535408163	1000.000	2600.000	Procnias_averano-XC460345.wav	2	1.0000
23	Spectrogram 1	1	33.233548753	33.535408163	1000.000	2600.000	Procnias_averano-XC460345.wav	2	1.0000
24	Waveform 1	1	35.091145125	35.393004535	1000.000	2600.000	Procnias_averano-XC460345.wav	2	0.9615
24	Spectrogram 1	1	35.091145125	35.393004535	1000.000	2600.000	Procnias_averano-XC460345.wav	2	0.9615
25	Waveform 1	1	35.741303855	36.043163265	1000.000	2600.000	Procnias_averano-XC460345.wav	2	0.9423
25	Spectrogram 1	1	35.741303855	36.043163265	1000.000	2600.000	Procnias_averano-XC460345.wav	2	0.9423
26	Waveform 1	1	37.598900227	37.900759637	1000.000	2600.000	Procnias_averano-XC460345.wav	2	0.9423
26	Spectrogram 1	1	37.598900227	37.900759637	1000.000	2600.000	Procnias_averano-XC460345.wav	2	0.9423
27	Waveform 1	1	38.846972789	39.131417234	1000.000	2600.000	Procnias_averano-XC460345.wav	2	1.0000
27	Spectrogram 1	1	38.846972789	39.131417234	1000.000	2600.000	Procnias_averano-XC460345.wav	2	1.0000
28	Waveform 1	1	41.354727891	41.656587302	1000.000	2600.000	Procnias_averano-XC460345.wav	2	0.9808
28	Spectrogram 1	1	41.354727891	41.656587302	1000.000	2600.000	Procnias_averano-XC460345.wav	2	0.9808
29	Waveform 1	1	41.981666667	42.283526077	1000.000	2600.000	Procnias_averano-XC460345.wav	2	1.0000
29	Spectrogram 1	1	41.981666667	42.283526077	1000.000	2600.000	Procnias_averano-XC460345.wav	2	1.0000
30	Waveform 1	1	44.495226757	44.797086168	1000.000	2600.000	Procnias_averano-XC460345.wav	2	0.9615
30	Spectrogram 1	1	44.495226757	44.797086168	1000.000	2600.000	Procnias_averano-XC460345.wav	2	0.9615
31	Waveform 1	1	45.110555556	45.412414966	1000.000	2600.000	Procnias_averano-XC460345.wav	2	0.9615
31	Spectrogram 1	1	45.110555556	45.412414966	1000.000	2600.000	Procnias_averano-XC460345.wav	2	0.9615
32	Waveform 1	1	46.358628118	46.660487528	1000.000	2600.000	Procnias_averano-XC460345.wav	2	0.9808
32	Spectrogram 1	1	46.358628118	46.660487528	1000.000	2600.000	Procnias_averano-XC460345.wav	2	0.9808
33	Waveform 1	1	53.887698413	54.177947846	1000.000	2600.000	Procnias_averano-XC460345.wav	2	0.9800
33	Spectrogram 1	1	53.887698413	54.177947846	1000.000	2600.000	Procnias_averano-XC460345.wav	2	0.9800
34	Waveform 1	1	54.520442177	54.822301587	1000.000	2600.000	Procnias_averano-XC460345.wav	2	0.9423
34	Spectrogram 1	1	54.520442177	54.822301587	1000.000	2600.000	Procnias_averano-XC460345.wav	2	0.9423
35	Waveform 1	1	56.987562358	57.289421769	1000.000	2600.000	Procnias_averano-XC460345.wav	2	0.9038
35	Spectrogram 1	1	56.987562358	57.289421769	1000.000	2600.000	Procnias_averano-XC460345.wav	2	0.9038
36	Waveform 1	1	59.443072562	59.744931973	1000.000	2600.000	Procnias_averano-XC460345.wav	2	1.0000
36	Spectrogram 1	1	59.443072562	59.744931973	1000.000	2600.000	Procnias_averano-XC460345.wav	2	1.0000
37	Waveform 1	1	60.058401361	60.354455782	1000.000	2600.000	Procnias_averano-XC460345.wav	2	0.9412
37	Spectrogram 1	1	60.058401361	60.354455782	1000.000	2600.000	Procnias_averano-XC460345.wav	2	0.9412
38	Waveform 1	1	60.685340136	60.987199546	1000.000	2600.000	Procnias_averano-XC460345.wav	2	1.0000
38	Spectrogram 1	1	60.685340136	60.987199546	1000.000	2600.000	Procnias_averano-XC460345.wav	2	1.0000
39	Waveform 1	1	61.898582766	62.188832200	1000.000	2600.000	Procnias_averano-XC460345.wav	2	0.8800
39	Spectrogram 1	1	61.898582766	62.188832200	1000.000	2600.000	Procnias_averano-XC460345.wav	2	0.8800
40	Waveform 1	1	62.508106576	62.751916100	1000.000	2600.000	Procnias_averano-XC460345.wav	2	1.0000
40	Spectrogram 1	1	62.508106576	62.751916100	1000.000	2600.000	Procnias_averano-XC460345.wav	2	1.0000
41	Waveform 1	1	63.111825397	63.390464853	1000.000	2600.000	Procnias_averano-XC460345.wav	2	0.9167
41	Spectrogram 1	1	63.111825397	63.390464853	1000.000	2600.000	Procnias_averano-XC460345.wav	2	0.9167
42	Waveform 1	1	63.721349206	64.023208617	1000.000	2600.000	Procnias_averano-XC460345.wav	2	0.9615
42	Spectrogram 1	1	63.721349206	64.023208617	1000.000	2600.000	Procnias_averano-XC460345.wav	2	0.9615
43	Waveform 1	1	64.319263039	64.603707483	1000.000	2600.000	Procnias_averano-XC460345.wav	2	0.9796
43	Spectrogram 1	1	64.319263039	64.603707483	1000.000	2600.000	Procnias_averano-XC460345.wav	2	0.9796
44	Waveform 1	1	64.934591837	65.224841270	1000.000	2600.000	Procnias_averano-XC460345.wav	2	0.9400
44	Spectrogram 1	1	64.934591837	65.224841270	1000.000	2600.000	Procnias_averano-XC460345.wav	2	0.9400
45	Waveform 1	1	65.555725624	65.834365079	1000.000	2600.000	Procnias_averano-XC460345.wav	2	0.8958
45	Spectrogram 1	1	65.555725624	65.834365079	1000.000	2600.000	Procnias_averano-XC460345.wav	2	0.8958
46	Waveform 1	1	67.366882086	67.662936508	1000.000	2600.000	Procnias_averano-XC460345.wav	2	0.9804
46	Spectrogram 1	1	67.366882086	67.662936508	1000.000	2600.000	Procnias_averano-XC460345.wav	2	0.9804
47	Waveform 1	1	69.868832200	70.164886621	1000.000	2600.000	Procnias_averano-XC460345.wav	2	1.0000
47	Spectrogram 1	1	69.868832200	70.164886621	1000.000	2600.000	Procnias_averano-XC460345.wav	2	1.0000
48	Waveform 1	1	70.495770975	70.791825397	1000.000	2600.000	Procnias_averano-XC460345.wav	2	0.9412
48	Spectrogram 1	1	70.495770975	70.791825397	1000.000	2600.000	Procnias_averano-XC460345.wav	2	0.9412
49	Waveform 1	1	89.623208617	89.925068027	1000.000	2600.000	Procnias_averano-XC460345.wav	2	0.9808
49	Spectrogram 1	1	89.623208617	89.925068027	1000.000	2600.000	Procnias_averano-XC460345.wav	2	0.9808
50	Waveform 1	1	90.290782313	90.563616780	1000.000	2600.000	Procnias_averano-XC460345.wav	2	1.0000
50	Spectrogram 1	1	90.290782313	90.563616780	1000.000	2600.000	Procnias_averano-XC460345.wav	2	1.0000
51	Waveform 1	1	90.923526077	91.213775510	1000.000	2600.000	Procnias_averano-XC460345.wav	2	0.9600
51	Spectrogram 1	1	90.923526077	91.213775510	1000.000	2600.000	Procnias_averano-XC460345.wav	2	0.9600
52	Waveform 1	1	91.567879819	91.852324263	1000.000	2600.000	Procnias_averano-XC460345.wav	2	0.9388
52	Spectrogram 1	1	91.567879819	91.852324263	1000.000	2600.000	Procnias_averano-XC460345.wav	2	0.9388
53	Waveform 1	1	92.200623583	92.473458050	1000.000	2600.000	Procnias_averano-XC460345.wav	2	0.9574
53	Spectrogram 1	1	92.200623583	92.473458050	1000.000	2600.000	Procnias_averano-XC460345.wav	2	0.9574
54	Waveform 1	1	99.834183673	100.124433107	1000.000	2600.000	Procnias_averano-XC460345.wav	2	0.9600
54	Spectrogram 1	1	99.834183673	100.124433107	1000.000	2600.000	Procnias_averano-XC460345.wav	2	0.9600
55	Waveform 1	1	100.455317460	100.710736961	1000.000	2600.000	Procnias_averano-XC460345.wav	2	0.9318
55	Spectrogram 1	1	100.455317460	100.710736961	1000.000	2600.000	Procnias_averano-XC460345.wav	2	0.9318
56	Waveform 1	1	101.076451247	101.366700680	1000.000	2600.000	Procnias_averano-XC460345.wav	2	0.8800
56	Spectrogram 1	1	101.076451247	101.366700680	1000.000	2600.000	Procnias_averano-XC460345.wav	2	0.8800
57	Waveform 1	1	102.324523810	102.614773243	1000.000	2600.000	Procnias_averano-XC460345.wav	2	0.9800
57	Spectrogram 1	1	102.324523810	102.614773243	1000.000	2600.000	Procnias_averano-XC460345.wav	2	0.9800
58	Waveform 1	1	106.109376417	106.370600907	1000.000	2600.000	Procnias_averano-XC460345.wav	2	0.9333
58	Spectrogram 1	1	106.109376417	106.370600907	1000.000	2600.000	Procnias_averano-XC460345.wav	2	0.9333
59	Waveform 1	1	107.380668934	107.670918367	1000.000	2600.000	Procnias_averano-XC460345.wav	2	0.9600
59	Spectrogram 1	1	107.380668934	107.670918367	1000.000	2600.000	Procnias_averano-XC460345.wav	2	0.9600
60	Waveform 1	1	108.025022676	108.297857143	1000.000	2600.000	Procnias_averano-XC460345.wav	2	0.9574
60	Spectrogram 1	1	108.025022676	108.297857143	1000.000	2600.000	Procnias_averano-XC460345.wav	2	0.9574
61	Waveform 1	1	111.194546485	111.484795918	1000.000	2600.000	Procnias_averano-XC460345.wav	2	0.9400
61	Spectrogram 1	1	111.194546485	111.484795918	1000.000	2600.000	Procnias_averano-XC460345.wav	2	0.9400
62	Waveform 1	1	111.821485261	112.094319728	1000.000	2600.000	Procnias_averano-XC460345.wav	2	0.9574
62	Spectrogram 1	1	111.821485261	112.094319728	1000.000	2600.000	Procnias_averano-XC460345.wav	2	0.9574
63	Waveform 1	1	121.515816327	121.806065760	1000.000	2600.000	Procnias_averano-XC460345.wav	2	0.9600
63	Spectrogram 1	1	121.515816327	121.806065760	1000.000	2600.000	Procnias_averano-XC460345.wav	2	0.9600
64	Waveform 1	1	122.165975057	122.467834467	1000.000	2600.000	Procnias_averano-XC460345.wav	2	0.9615
64	Spectrogram 1	1	122.165975057	122.467834467	1000.000	2600.000	Procnias_averano-XC460345.wav	2	0.9615
65	Waveform 1	1	129.358356009	129.660215420	1000.000	2600.000	Procnias_averano-XC460345.wav	2	1.0000
65	Spectrogram 1	1	129.358356009	129.660215420	1000.000	2600.000	Procnias_averano-XC460345.wav	2	1.0000
69	Waveform 1	1	155.225385488	155.515634921	1000.000	2600.000	Procnias_averano-XC460345.wav	2	0.9600
69	Spectrogram 1	1	155.225385488	155.515634921	1000.000	2600.000	Procnias_averano-XC460345.wav	2	0.9600
70	Waveform 1	1	157.164251701	157.460306122	1000.000	2600.000	Procnias_averano-XC460345.wav	2	0.9804
70	Spectrogram 1	1	157.164251701	157.460306122	1000.000	2600.000	Procnias_averano-XC460345.wav	2	0.9804
71	Waveform 1	1	158.493594104	158.749013605	1000.000	2600.000	Procnias_averano-XC460345.wav	2	0.9545
71	Spectrogram 1	1	158.493594104	158.749013605	1000.000	2600.000	Procnias_averano-XC460345.wav	2	0.9545
72	Waveform 1	1	163.079535147	163.358174603	1000.000	2600.000	Procnias_averano-XC460345.wav	2	0.9583
72	Spectrogram 1	1	163.079535147	163.358174603	1000.000	2600.000	Procnias_averano-XC460345.wav	2	0.9583
73	Waveform 1	1	169.766882086	170.051326531	1000.000	2600.000	Procnias_averano-XC460345.wav	2	0.9796
73	Spectrogram 1	1	169.766882086	170.051326531	1000.000	2600.000	Procnias_averano-XC460345.wav	2	0.9796
74	Waveform 1	1	170.997539683	171.299399093	1000.000	2600.000	Procnias_averano-XC460345.wav	2	0.9038
74	Spectrogram 1	1	170.997539683	171.299399093	1000.000	2600.000	Procnias_averano-XC460345.wav	2	0.9038
75	Waveform 1	1	172.234002268	172.530056689	1000.000	2600.000	Procnias_averano-XC460345.wav	2	0.8824
75	Spectrogram 1	1	172.234002268	172.530056689	1000.000	2600.000	Procnias_averano-XC460345.wav	2	0.8824
76	Waveform 1	1	173.487879819	173.760714286	1000.000	2600.000	Procnias_averano-XC460345.wav	2	0.9149
76	Spectrogram 1	1	173.487879819	173.760714286	1000.000	2600.000	Procnias_averano-XC460345.wav	2	0.9149
77	Waveform 1	1	174.706927438	175.008786848	1000.000	2600.000	Procnias_averano-XC460345.wav	2	0.9423
77	Spectrogram 1	1	174.706927438	175.008786848	1000.000	2600.000	Procnias_averano-XC460345.wav	2	0.9423
78	Waveform 1	1	175.322256236	175.624115646	1000.000	2600.000	Procnias_averano-XC460345.wav	2	0.8846
78	Spectrogram 1	1	175.322256236	175.624115646	1000.000	2600.000	Procnias_averano-XC460345.wav	2	0.8846
79	Waveform 1	1	176.535498866	176.825748299	1000.000	2600.000	Procnias_averano-XC460345.wav	2	0.8000
79	Spectrogram 1	1	176.535498866	176.825748299	1000.000	2600.000	Procnias_averano-XC460345.wav	2	0.8000
80	Waveform 1	1	177.783571429	178.085430839	1000.000	2600.000	Procnias_averano-XC460345.wav	2	0.9423
80	Spectrogram 1	1	177.783571429	178.085430839	1000.000	2600.000	Procnias_averano-XC460345.wav	2	0.9423
81	Waveform 1	1	178.991009070	179.275453515	1000.000	2600.000	Procnias_averano-XC460345.wav	2	0.8980
81	Spectrogram 1	1	178.991009070	179.275453515	1000.000	2600.000	Procnias_averano-XC460345.wav	2	0.8980
82	Waveform 1	1	179.588922902	179.838537415	1000.000	2600.000	Procnias_averano-XC460345.wav	2	0.9767
82	Spectrogram 1	1	179.588922902	179.838537415	1000.000	2600.000	Procnias_averano-XC460345.wav	2	0.9767
83	Waveform 1	1	180.192641723	180.488696145	1000.000	2600.000	Procnias_averano-XC460345.wav	2	0.8235
83	Spectrogram 1	1	180.192641723	180.488696145	1000.000	2600.000	Procnias_averano-XC460345.wav	2	0.8235
84	Waveform 1	1	182.027018141	182.294047619	1000.000	2600.000	Procnias_averano-XC460345.wav	2	0.9348
84	Spectrogram 1	1	182.027018141	182.294047619	1000.000	2600.000	Procnias_averano-XC460345.wav	2	0.9348
85	Waveform 1	1	183.280895692	183.565340136	1000.000	2600.000	Procnias_averano-XC460345.wav	2	0.9796
85	Spectrogram 1	1	183.280895692	183.565340136	1000.000	2600.000	Procnias_averano-XC460345.wav	2	0.9796
86	Waveform 1	1	183.925249433	184.209693878	1000.000	2600.000	Procnias_averano-XC460345.wav	2	0.9388
86	Spectrogram 1	1	183.925249433	184.209693878	1000.000	2600.000	Procnias_averano-XC460345.wav	2	0.9388
87	Waveform 1	1	185.231371882	185.492596372	1000.000	2600.000	Procnias_averano-XC460345.wav	2	0.9778
87	Spectrogram 1	1	185.231371882	185.492596372	1000.000	2600.000	Procnias_averano-XC460345.wav	2	0.9778
88	Waveform 1	1	189.707018141	189.997267574	1000.000	2600.000	Procnias_averano-XC460345.wav	2	0.9400
88	Spectrogram 1	1	189.707018141	189.997267574	1000.000	2600.000	Procnias_averano-XC460345.wav	2	0.9400
89	Waveform 1	1	190.403616780	190.693866213	1000.000	2600.000	Procnias_averano-XC460345.wav	2	0.9600
89	Spectrogram 1	1	190.403616780	190.693866213	1000.000	2600.000	Procnias_averano-XC460345.wav	2	0.9600
90	Waveform 1	1	191.082800454	191.373049887	1000.000	2600.000	Procnias_averano-XC460345.wav	2	0.9400
90	Spectrogram 1	1	191.082800454	191.373049887	1000.000	2600.000	Procnias_averano-XC460345.wav	2	0.9400
91	Waveform 1	1	193.863390023	194.159444444	1000.000	2600.000	Procnias_averano-XC460345.wav	2	0.8824
91	Spectrogram 1	1	193.863390023	194.159444444	1000.000	2600.000	Procnias_averano-XC460345.wav	2	0.8824
92	Waveform 1	1	196.533684807	196.806519274	1000.000	2600.000	Procnias_averano-XC460345.wav	2	1.0000
92	Spectrogram 1	1	196.533684807	196.806519274	1000.000	2600.000	Procnias_averano-XC460345.wav	2	1.0000
93	Waveform 1	1	197.834002268	198.124251701	1000.000	2600.000	Procnias_averano-XC460345.wav	2	0.9800
93	Spectrogram 1	1	197.834002268	198.124251701	1000.000	2600.000	Procnias_averano-XC460345.wav	2	0.9800
94	Waveform 1	1	198.507380952	198.774410431	1000.000	2600.000	Procnias_averano-XC460345.wav	2	0.9565
94	Spectrogram 1	1	198.507380952	198.774410431	1000.000	2600.000	Procnias_averano-XC460345.wav	2	0.9565
95	Waveform 1	1	199.180759637	199.471009070	1000.000	2600.000	Procnias_averano-XC460345.wav	2	0.9800
95	Spectrogram 1	1	199.180759637	199.471009070	1000.000	2600.000	Procnias_averano-XC460345.wav	2	0.9800
96	Waveform 1	1	199.865748299	200.161802721	1000.000	2600.000	Procnias_averano-XC460345.wav	2	0.9216
96	Spectrogram 1	1	199.865748299	200.161802721	1000.000	2600.000	Procnias_averano-XC460345.wav	2	0.9216
97	Waveform 1	1	201.189285714	201.473730159	1000.000	2600.000	Procnias_averano-XC460345.wav	2	0.9184
97	Spectrogram 1	1	201.189285714	201.473730159	1000.000	2600.000	Procnias_averano-XC460345.wav	2	0.9184
101	Waveform 1	1	251.651306992	251.736047931	781.299	5121.850	Procnias_averano-XC460345.wav	1	
101	Spectrogram 1	1	251.651306992	251.736047931	781.299	5121.850	Procnias_averano-XC460345.wav	1	
102	Waveform 1	1	234.453582089	234.548100828	694.488	4861.417	Procnias_averano-XC460345.wav	1	
102	Spectrogram 1	1	234.453582089	234.548100828	694.488	4861.417	Procnias_averano-XC460345.wav	1	
103	Waveform 1	1	212.911256889	213.018812696	607.677	5382.283	Procnias_averano-XC460345.wav	1	
103	Spectrogram 1	1	212.911256889	213.018812696	607.677	5382.283	Procnias_averano-XC460345.wav	1	
104	Waveform 1	1	209.203438422	209.284920094	868.110	5208.661	Procnias_averano-XC460345.wav	1	
104	Spectrogram 1	1	209.203438422	209.284920094	868.110	5208.661	Procnias_averano-XC460345.wav	1	
