Selection	View	Channel	Begin Time (s)	End Time (s)	Low Freq (Hz)	High Freq (Hz)	Begin File	Tipo
1	Waveform 1	1	22.904832784	23.009129324	892.197	3377.601	Procnias_averano-ML629592780.wav	2
1	Spectrogram 1	1	22.904832784	23.009129324	892.197	3377.601	Procnias_averano-ML629592780.wav	2
2	Waveform 1	1	23.286167008	23.416537683	764.740	3759.971	Procnias_averano-ML629592780.wav	2
2	Spectrogram 1	1	23.286167008	23.416537683	764.740	3759.971	Procnias_averano-ML629592780.wav	2
3	Waveform 1	1	23.651204898	23.810908975	892.197	3823.699	Procnias_averano-ML629592780.wav	2
3	Spectrogram 1	1	23.651204898	23.810908975	892.197	3823.699	Procnias_averano-ML629592780.wav	2
4	Waveform 1	1	32.387038964	32.488076237	764.740	5161.994	Procnias_averano-ML629592780.wav	1
4	Spectrogram 1	1	32.387038964	32.488076237	764.740	5161.994	Procnias_averano-ML629592780.wav	1
5	Waveform 1	1	36.753615596	36.883986271	382.370	5289.451	Procnias_averano-ML629592780.wav	1
5	Spectrogram 1	1	36.753615596	36.883986271	382.370	5289.451	Procnias_averano-ML629592780.wav	1
6	Waveform 1	1	37.670244799	37.774541339	637.283	3887.428	Procnias_averano-ML629592780.wav	2
6	Spectrogram 1	1	37.670244799	37.774541339	637.283	3887.428	Procnias_averano-ML629592780.wav	2
7	Waveform 1	1	38.514394920	38.605654392	637.283	3696.243	Procnias_averano-ML629592780.wav	2
7	Spectrogram 1	1	38.514394920	38.605654392	637.283	3696.243	Procnias_averano-ML629592780.wav	2
8	Waveform 1	1	39.550056609	39.673908750	701.012	5225.723	Procnias_averano-ML629592780.wav	1
8	Spectrogram 1	1	39.550056609	39.673908750	701.012	5225.723	Procnias_averano-ML629592780.wav	1
9	Waveform 1	1	40.834109113	40.951442721	701.012	2931.503	Procnias_averano-ML629592780.wav	2
9	Spectrogram 1	1	40.834109113	40.951442721	701.012	2931.503	Procnias_averano-ML629592780.wav	2
10	Waveform 1	1	41.723833167	41.808574106	1019.653	3568.786	Procnias_averano-ML629592780.wav	2
10	Spectrogram 1	1	41.723833167	41.808574106	1019.653	3568.786	Procnias_averano-ML629592780.wav	2
11	Waveform 1	1	42.000870852	42.098648858	892.197	4206.069	Procnias_averano-ML629592780.wav	2
11	Spectrogram 1	1	42.000870852	42.098648858	892.197	4206.069	Procnias_averano-ML629592780.wav	2
12	Waveform 1	1	42.323538272	42.421316278	828.468	4715.896	Procnias_averano-ML629592780.wav	2
12	Spectrogram 1	1	42.323538272	42.421316278	828.468	4715.896	Procnias_averano-ML629592780.wav	2
13	Waveform 1	1	42.636427892	42.727687364	701.012	4142.341	Procnias_averano-ML629592780.wav	2
13	Spectrogram 1	1	42.636427892	42.727687364	701.012	4142.341	Procnias_averano-ML629592780.wav	2
14	Waveform 1	1	42.939539711	43.047095518	637.283	4397.254	Procnias_averano-ML629592780.wav	2
14	Spectrogram 1	1	42.939539711	43.047095518	637.283	4397.254	Procnias_averano-ML629592780.wav	2
15	Waveform 1	1	43.277090554	43.355312959	892.197	4269.798	Procnias_averano-ML629592780.wav	2
15	Spectrogram 1	1	43.277090554	43.355312959	892.197	4269.798	Procnias_averano-ML629592780.wav	2
16	Waveform 1	1	43.609535776	43.710573049	637.283	4078.613	Procnias_averano-ML629592780.wav	2
16	Spectrogram 1	1	43.609535776	43.710573049	637.283	4078.613	Procnias_averano-ML629592780.wav	2
17	Waveform 1	1	43.958277331	44.046277537	701.012	4652.168	Procnias_averano-ML629592780.wav	2
17	Spectrogram 1	1	43.958277331	44.046277537	701.012	4652.168	Procnias_averano-ML629592780.wav	2
18	Waveform 1	1	44.293981819	44.401537626	1147.110	4524.711	Procnias_averano-ML629592780.wav	2
18	Spectrogram 1	1	44.293981819	44.401537626	1147.110	4524.711	Procnias_averano-ML629592780.wav	2
19	Waveform 1	1	44.636204841	44.763316249	509.827	4460.983	Procnias_averano-ML629592780.wav	2
19	Spectrogram 1	1	44.636204841	44.763316249	509.827	4460.983	Procnias_averano-ML629592780.wav	2
20	Waveform 1	1	44.992867877	45.106942217	509.827	4078.613	Procnias_averano-ML629592780.wav	2
20	Spectrogram 1	1	44.992867877	45.106942217	509.827	4078.613	Procnias_averano-ML629592780.wav	2
21	Waveform 1	1	45.331831632	45.432868905	764.740	4970.809	Procnias_averano-ML629592780.wav	2
21	Spectrogram 1	1	45.331831632	45.432868905	764.740	4970.809	Procnias_averano-ML629592780.wav	2
22	Waveform 1	1	45.687091721	45.807684595	637.283	4715.896	Procnias_averano-ML629592780.wav	2
22	Spectrogram 1	1	45.687091721	45.807684595	637.283	4715.896	Procnias_averano-ML629592780.wav	2
