Selection	View	Channel	Begin Time (s)	End Time (s)	Low Freq (Hz)	High Freq (Hz)	Begin File	Tipo
1	Waveform 1	1	21.785470255	21.938655798	528.144	5017.365	Procnias_averano-ML72662131.wav	2
1	Spectrogram 1	1	21.785470255	21.938655798	528.144	5017.365	Procnias_averano-ML72662131.wav	2
2	Waveform 1	1	22.440036545	22.549514001	836.019	3605.332	Procnias_averano-ML72662131.wav	2
2	Spectrogram 1	1	22.440036545	22.549514001	836.019	3605.332	Procnias_averano-ML72662131.wav	2
3	Waveform 1	1	23.066023022	23.192343163	940.521	3866.588	Procnias_averano-ML72662131.wav	2
3	Spectrogram 1	1	23.066023022	23.192343163	940.521	3866.588	Procnias_averano-ML72662131.wav	2
4	Waveform 1	1	23.714466412	23.866050581	888.270	4075.592	Procnias_averano-ML72662131.wav	2
4	Spectrogram 1	1	23.714466412	23.866050581	888.270	4075.592	Procnias_averano-ML72662131.wav	2
5	Waveform 1	1	24.385858723	24.500950407	992.773	3709.834	Procnias_averano-ML72662131.wav	2
5	Spectrogram 1	1	24.385858723	24.500950407	992.773	3709.834	Procnias_averano-ML72662131.wav	2
6	Waveform 1	1	25.011845200	25.126936884	783.768	3918.839	Procnias_averano-ML72662131.wav	2
6	Spectrogram 1	1	25.011845200	25.126936884	783.768	3918.839	Procnias_averano-ML72662131.wav	2
7	Waveform 1	1	25.609760534	25.719237989	836.019	4232.346	Procnias_averano-ML72662131.wav	2
7	Spectrogram 1	1	25.609760534	25.719237989	836.019	4232.346	Procnias_averano-ML72662131.wav	2
8	Waveform 1	1	0.581072649	0.757920846	848.077	3922.356	Procnias_averano-ML72662131.wav	1
8	Spectrogram 1	1	0.581072649	0.757920846	848.077	3922.356	Procnias_averano-ML72662131.wav	1
9	Waveform 1	1	6.039322190	6.269505558	742.067	4028.365	Procnias_averano-ML72662131.wav	1
9	Spectrogram 1	1	6.039322190	6.269505558	742.067	4028.365	Procnias_averano-ML72662131.wav	1
10	Waveform 1	1	11.378744820	11.521907646	954.087	3763.341	Procnias_averano-ML72662131.wav	2
10	Spectrogram 1	1	11.378744820	11.521907646	954.087	3763.341	Procnias_averano-ML72662131.wav	2
11	Waveform 1	1	12.408955747	12.599839516	848.077	3869.351	Procnias_averano-ML72662131.wav	2
11	Spectrogram 1	1	12.408955747	12.599839516	848.077	3869.351	Procnias_averano-ML72662131.wav	2
12	Waveform 1	1	14.136445359	14.276801071	954.087	3763.341	Procnias_averano-ML72662131.wav	2
12	Spectrogram 1	1	14.136445359	14.276801071	954.087	3763.341	Procnias_averano-ML72662131.wav	2
13	Waveform 1	1	14.970158289	15.135778030	742.067	3975.361	Procnias_averano-ML72662131.wav	2
13	Spectrogram 1	1	14.970158289	15.135778030	742.067	3975.361	Procnias_averano-ML72662131.wav	2
14	Waveform 1	1	15.750536049	15.899313104	954.087	3816.346	Procnias_averano-ML72662131.wav	2
14	Spectrogram 1	1	15.750536049	15.899313104	954.087	3816.346	Procnias_averano-ML72662131.wav	2
15	Waveform 1	1	16.459587792	16.608364847	848.077	3975.361	Procnias_averano-ML72662131.wav	2
15	Spectrogram 1	1	16.459587792	16.608364847	848.077	3975.361	Procnias_averano-ML72662131.wav	2
16	Waveform 1	1	17.464534691	17.621733089	954.087	4028.365	Procnias_averano-ML72662131.wav	2
16	Spectrogram 1	1	17.464534691	17.621733089	954.087	4028.365	Procnias_averano-ML72662131.wav	2
17	Waveform 1	1	18.234334289	18.355040201	901.082	3763.341	Procnias_averano-ML72662131.wav	2
17	Spectrogram 1	1	18.234334289	18.355040201	901.082	3763.341	Procnias_averano-ML72662131.wav	2
18	Waveform 1	1	18.944534193	19.070854334	1007.091	3975.361	Procnias_averano-ML72662131.wav	2
18	Spectrogram 1	1	18.944534193	19.070854334	1007.091	3975.361	Procnias_averano-ML72662131.wav	2
19	Waveform 1	1	19.665962553	19.747368866	1007.091	4240.385	Procnias_averano-ML72662131.wav	2
19	Spectrogram 1	1	19.665962553	19.747368866	1007.091	4240.385	Procnias_averano-ML72662131.wav	2
20	Waveform 1	1	20.390198028	20.480025684	848.077	4293.389	Procnias_averano-ML72662131.wav	2
20	Spectrogram 1	1	20.390198028	20.480025684	848.077	4293.389	Procnias_averano-ML72662131.wav	2
21	Waveform 1	1	21.052538674	21.150787673	1060.096	4081.370	Procnias_averano-ML72662131.wav	2
21	Spectrogram 1	1	21.052538674	21.150787673	1060.096	4081.370	Procnias_averano-ML72662131.wav	2
22	Waveform 1	1	26.253241177	26.357104404	848.077	3922.356	Procnias_averano-ML72662131.wav	2
22	Spectrogram 1	1	26.253241177	26.357104404	848.077	3922.356	Procnias_averano-ML72662131.wav	2
23	Waveform 1	1	34.438475871	34.604095612	742.067	5141.466	Procnias_averano-ML72662131.wav	1
23	Spectrogram 1	1	34.438475871	34.604095612	742.067	5141.466	Procnias_averano-ML72662131.wav	1
24	Waveform 1	1	41.619850496	41.844419636	795.072	4399.399	Procnias_averano-ML72662131.wav	1
24	Spectrogram 1	1	41.619850496	41.844419636	795.072	4399.399	Procnias_averano-ML72662131.wav	1
25	Waveform 1	1	47.340881353	47.523343779	689.062	4187.380	Procnias_averano-ML72662131.wav	1
25	Spectrogram 1	1	47.340881353	47.523343779	689.062	4187.380	Procnias_averano-ML72662131.wav	1
26	Waveform 1	1	53.055122299	53.243198954	954.087	4399.399	Procnias_averano-ML72662131.wav	1
26	Spectrogram 1	1	53.055122299	53.243198954	954.087	4399.399	Procnias_averano-ML72662131.wav	1
27	Waveform 1	1	58.874642603	59.037455229	954.087	4081.370	Procnias_averano-ML72662131.wav	1
27	Spectrogram 1	1	58.874642603	59.037455229	954.087	4081.370	Procnias_averano-ML72662131.wav	1
28	Waveform 1	1	63.422596739	63.568566679	901.082	3975.361	Procnias_averano-ML72662131.wav	1
28	Spectrogram 1	1	63.422596739	63.568566679	901.082	3975.361	Procnias_averano-ML72662131.wav	1
29	Waveform 1	1	66.498999050	66.659004562	795.072	3975.361	Procnias_averano-ML72662131.wav	1
29	Spectrogram 1	1	66.498999050	66.659004562	795.072	3975.361	Procnias_averano-ML72662131.wav	1
30	Waveform 1	1	69.345054530	69.507867156	954.087	4028.365	Procnias_averano-ML72662131.wav	1
30	Spectrogram 1	1	69.345054530	69.507867156	954.087	4028.365	Procnias_averano-ML72662131.wav	1
31	Waveform 1	1	72.281805679	72.519997222	636.058	3763.341	Procnias_averano-ML72662131.wav	1
31	Spectrogram 1	1	72.281805679	72.519997222	636.058	3763.341	Procnias_averano-ML72662131.wav	1
32	Waveform 1	1	75.259199956	75.505331216	954.087	4134.375	Procnias_averano-ML72662131.wav	1
32	Spectrogram 1	1	75.259199956	75.505331216	954.087	4134.375	Procnias_averano-ML72662131.wav	1
