Selection	View	Channel	Begin Time (s)	End Time (s)	Low Freq (Hz)	High Freq (Hz)	Begin File	Tipo
1	Waveform 1	1	6.705777967	7.184762107	869.000	6300.000	Procnias_averano-INAT252025885.wav	1
1	Spectrogram 1	1	6.705777967	7.184762107	869.000	6300.000	Procnias_averano-INAT252025885.wav	1
2	Waveform 1	1	11.755069115	12.174180237	977.600	6571.600	Procnias_averano-INAT252025885.wav	1
2	Spectrogram 1	1	11.755069115	12.174180237	977.600	6571.600	Procnias_averano-INAT252025885.wav	1
3	Waveform 1	1	20.451677736	20.733921848	869.000	6680.200	Procnias_averano-INAT252025885.wav	1
3	Spectrogram 1	1	20.451677736	20.733921848	869.000	6680.200	Procnias_averano-INAT252025885.wav	1
4	Waveform 1	1	20.938548828	21.305466173	760.300	6245.700	Procnias_averano-INAT252025885.wav	1
4	Spectrogram 1	1	20.938548828	21.305466173	760.300	6245.700	Procnias_averano-INAT252025885.wav	1
5	Waveform 1	1	30.885681763	31.330216238	923.300	6245.700	Procnias_averano-INAT252025885.wav	1
5	Spectrogram 1	1	30.885681763	31.330216238	923.300	6245.700	Procnias_averano-INAT252025885.wav	1
6	Waveform 1	1	33.246091863	33.627121413	977.600	6625.900	Procnias_averano-INAT252025885.wav	1
6	Spectrogram 1	1	33.246091863	33.627121413	977.600	6625.900	Procnias_averano-INAT252025885.wav	1
7	Waveform 1	1	38.639885373	38.908017279	814.700	6517.200	Procnias_averano-INAT252025885.wav	1
7	Spectrogram 1	1	38.639885373	38.908017279	814.700	6517.200	Procnias_averano-INAT252025885.wav	1
8	Waveform 1	1	40.956664598	41.351806354	760.300	6354.300	Procnias_averano-INAT252025885.wav	2
8	Spectrogram 1	1	40.956664598	41.351806354	760.300	6354.300	Procnias_averano-INAT252025885.wav	2
9	Waveform 1	1	41.618910037	41.844705326	923.300	4670.700	Procnias_averano-INAT252025885.wav	2
9	Spectrogram 1	1	41.618910037	41.844705326	923.300	4670.700	Procnias_averano-INAT252025885.wav	2
10	Waveform 1	1	42.091668924	42.317464213	1086.200	4833.600	Procnias_averano-INAT252025885.wav	2
10	Spectrogram 1	1	42.091668924	42.317464213	1086.200	4833.600	Procnias_averano-INAT252025885.wav	2
11	Waveform 1	1	42.564427811	42.776110894	923.300	4887.900	Procnias_averano-INAT252025885.wav	2
11	Spectrogram 1	1	42.564427811	42.776110894	923.300	4887.900	Procnias_averano-INAT252025885.wav	2
12	Waveform 1	1	43.058355006	43.312374706	1031.900	5159.500	Procnias_averano-INAT252025885.wav	2
12	Spectrogram 1	1	43.058355006	43.312374706	1031.900	5159.500	Procnias_averano-INAT252025885.wav	2
13	Waveform 1	1	43.566394407	43.876862929	1140.500	4670.700	Procnias_averano-INAT252025885.wav	2
13	Spectrogram 1	1	43.566394407	43.876862929	1140.500	4670.700	Procnias_averano-INAT252025885.wav	2
14	Waveform 1	1	44.046209396	44.434295050	1246.000	4417.600	Procnias_averano-INAT252025885.wav	2
14	Spectrogram 1	1	44.046209396	44.434295050	1246.000	4417.600	Procnias_averano-INAT252025885.wav	2
15	Waveform 1	1	44.603641516	44.885885628	1208.200	4606.300	Procnias_averano-INAT252025885.wav	2
15	Spectrogram 1	1	44.603641516	44.885885628	1208.200	4606.300	Procnias_averano-INAT252025885.wav	2
16	Waveform 1	1	45.104624814	45.436261645	1208.200	4606.300	Procnias_averano-INAT252025885.wav	2
16	Spectrogram 1	1	45.104624814	45.436261645	1208.200	4606.300	Procnias_averano-INAT252025885.wav	2
17	Waveform 1	1	45.619720318	45.909020532	1094.900	4795.100	Procnias_averano-INAT252025885.wav	2
17	Spectrogram 1	1	45.619720318	45.909020532	1094.900	4795.100	Procnias_averano-INAT252025885.wav	2
18	Waveform 1	1	46.148928027	46.395891625	1170.500	5286.000	Procnias_averano-INAT252025885.wav	2
18	Spectrogram 1	1	46.148928027	46.395891625	1170.500	5286.000	Procnias_averano-INAT252025885.wav	2
19	Waveform 1	1	46.642653382	46.903729185	1246.000	4719.600	Procnias_averano-INAT252025885.wav	2
19	Spectrogram 1	1	46.642653382	46.903729185	1246.000	4719.600	Procnias_averano-INAT252025885.wav	2
20	Waveform 1	1	47.150692783	47.425880792	943.900	4983.900	Procnias_averano-INAT252025885.wav	2
20	Spectrogram 1	1	47.150692783	47.425880792	943.900	4983.900	Procnias_averano-INAT252025885.wav	2
21	Waveform 1	1	47.644619978	47.955088501	1094.900	4983.900	Procnias_averano-INAT252025885.wav	2
21	Spectrogram 1	1	47.644619978	47.955088501	1094.900	4983.900	Procnias_averano-INAT252025885.wav	2
22	Waveform 1	1	48.173827687	48.477240107	1132.700	4983.900	Procnias_averano-INAT252025885.wav	2
22	Spectrogram 1	1	48.173827687	48.477240107	1132.700	4983.900	Procnias_averano-INAT252025885.wav	2
23	Waveform 1	1	48.674810985	48.985279508	868.400	4870.600	Procnias_averano-INAT252025885.wav	2
23	Spectrogram 1	1	48.674810985	48.985279508	868.400	4870.600	Procnias_averano-INAT252025885.wav	2
24	Waveform 1	1	49.168738180	49.514487217	1132.700	4832.900	Procnias_averano-INAT252025885.wav	2
24	Spectrogram 1	1	49.168738180	49.514487217	1132.700	4832.900	Procnias_averano-INAT252025885.wav	2
25	Waveform 1	1	49.662665375	49.944909487	1132.700	4681.800	Procnias_averano-INAT252025885.wav	2
25	Spectrogram 1	1	49.662665375	49.944909487	1132.700	4681.800	Procnias_averano-INAT252025885.wav	2
26	Waveform 1	1	50.345300122	50.599319822	1057.200	6343.200	Procnias_averano-INAT252025885.wav	1
26	Spectrogram 1	1	50.345300122	50.599319822	1057.200	6343.200	Procnias_averano-INAT252025885.wav	1
27	Waveform 1	1	62.093053778	62.396466198	830.700	6607.400	Procnias_averano-INAT252025885.wav	1
27	Spectrogram 1	1	62.093053778	62.396466198	830.700	6607.400	Procnias_averano-INAT252025885.wav	1
28	Waveform 1	1	51.173509986	51.441641892	1132.700	4417.600	Procnias_averano-INAT252025885.wav	2
28	Spectrogram 1	1	51.173509986	51.441641892	1132.700	4417.600	Procnias_averano-INAT252025885.wav	2
29	Waveform 1	1	51.639212770	51.914400778	1208.200	4719.600	Procnias_averano-INAT252025885.wav	2
29	Spectrogram 1	1	51.639212770	51.914400778	1208.200	4719.600	Procnias_averano-INAT252025885.wav	2
32	Waveform 1	1	52.111971657	52.351879151	1094.900	4795.100	Procnias_averano-INAT252025885.wav	2
32	Spectrogram 1	1	52.111971657	52.351879151	1094.900	4795.100	Procnias_averano-INAT252025885.wav	2
33	Waveform 1	1	52.570618338	52.859918552	1208.200	4681.800	Procnias_averano-INAT252025885.wav	2
33	Spectrogram 1	1	52.570618338	52.859918552	1208.200	4681.800	Procnias_averano-INAT252025885.wav	2
34	Waveform 1	1	53.050433327	53.311509131	1170.500	4719.600	Procnias_averano-INAT252025885.wav	2
34	Spectrogram 1	1	53.050433327	53.311509131	1170.500	4719.600	Procnias_averano-INAT252025885.wav	2
35	Waveform 1	1	53.544360523	53.798380223	1094.900	4983.900	Procnias_averano-INAT252025885.wav	2
35	Spectrogram 1	1	53.544360523	53.798380223	1094.900	4983.900	Procnias_averano-INAT252025885.wav	2
36	Waveform 1	1	54.045343820	54.257026904	1057.200	5474.700	Procnias_averano-INAT252025885.wav	2
36	Spectrogram 1	1	54.045343820	54.257026904	1057.200	5474.700	Procnias_averano-INAT252025885.wav	2
37	Waveform 1	1	54.581607632	54.849739538	1170.500	5059.400	Procnias_averano-INAT252025885.wav	2
37	Spectrogram 1	1	54.581607632	54.849739538	1170.500	5059.400	Procnias_averano-INAT252025885.wav	2
38	Waveform 1	1	55.012029902	55.308386219	1094.900	5021.700	Procnias_averano-INAT252025885.wav	2
38	Spectrogram 1	1	55.012029902	55.308386219	1094.900	5021.700	Procnias_averano-INAT252025885.wav	2
39	Waveform 1	1	55.548293714	55.816425620	1094.900	5323.700	Procnias_averano-INAT252025885.wav	2
39	Spectrogram 1	1	55.548293714	55.816425620	1094.900	5323.700	Procnias_averano-INAT252025885.wav	2
40	Waveform 1	1	56.088516730	56.469546280	1132.700	4606.300	Procnias_averano-INAT252025885.wav	2
40	Spectrogram 1	1	56.088516730	56.469546280	1132.700	4606.300	Procnias_averano-INAT252025885.wav	2
41	Waveform 1	1	56.610668336	56.907024653	1019.400	5021.700	Procnias_averano-INAT252025885.wav	2
41	Spectrogram 1	1	56.610668336	56.907024653	1019.400	5021.700	Procnias_averano-INAT252025885.wav	2
42	Waveform 1	1	57.132819942	57.429176259	1019.400	5059.400	Procnias_averano-INAT252025885.wav	2
42	Spectrogram 1	1	57.132819942	57.429176259	1019.400	5059.400	Procnias_averano-INAT252025885.wav	2
43	Waveform 1	1	57.640859343	57.951327866	981.700	5172.700	Procnias_averano-INAT252025885.wav	2
43	Spectrogram 1	1	57.640859343	57.951327866	981.700	5172.700	Procnias_averano-INAT252025885.wav	2
44	Waveform 1	1	58.163010949	58.487591678	943.900	4719.600	Procnias_averano-INAT252025885.wav	2
44	Spectrogram 1	1	58.163010949	58.487591678	943.900	4719.600	Procnias_averano-INAT252025885.wav	2
45	Waveform 1	1	58.663994247	58.953294462	1057.200	4908.400	Procnias_averano-INAT252025885.wav	2
45	Spectrogram 1	1	58.663994247	58.953294462	1057.200	4908.400	Procnias_averano-INAT252025885.wav	2
46	Waveform 1	1	59.172033648	59.482502171	981.700	4719.600	Procnias_averano-INAT252025885.wav	2
46	Spectrogram 1	1	59.172033648	59.482502171	981.700	4719.600	Procnias_averano-INAT252025885.wav	2
