Selection	View	Channel	Begin Time (s)	End Time (s)	Low Freq (Hz)	High Freq (Hz)	Begin File	Tipo	Occupancy
5	Waveform 1	1	1.724070295	1.996904762	1000.000	2600.000	Procnias_averano-XC410711.wav	3b	0.9574
5	Spectrogram 1	1	1.724070295	1.996904762	1000.000	2600.000	Procnias_averano-XC410711.wav	3b	0.9574
6	Waveform 1	1	2.171054422	2.211689342	1000.000	2600.000	Procnias_averano-XC410711.wav	3a	0.8571
6	Spectrogram 1	1	2.171054422	2.211689342	1000.000	2600.000	Procnias_averano-XC410711.wav	3a	0.8571
7	Waveform 1	1	2.420668934	2.542573696	1000.000	2600.000	Procnias_averano-XC410711.wav	3b	0.9524
7	Spectrogram 1	1	2.420668934	2.542573696	1000.000	2600.000	Procnias_averano-XC410711.wav	3b	0.9524
8	Waveform 1	1	2.786383220	2.821213152	1000.000	2600.000	Procnias_averano-XC410711.wav	3a	1.0000
8	Spectrogram 1	1	2.786383220	2.821213152	1000.000	2600.000	Procnias_averano-XC410711.wav	3a	1.0000
9	Waveform 1	1	3.041802721	3.186927438	1000.000	2600.000	Procnias_averano-XC410711.wav	3b	0.9200
9	Spectrogram 1	1	3.041802721	3.186927438	1000.000	2600.000	Procnias_averano-XC410711.wav	3b	0.9200
10	Waveform 1	1	3.419126984	3.459761905	1000.000	2600.000	Procnias_averano-XC410711.wav	3a	0.8571
10	Spectrogram 1	1	3.419126984	3.459761905	1000.000	2600.000	Procnias_averano-XC410711.wav	3a	0.8571
11	Waveform 1	1	3.680351474	3.784841270	1000.000	2600.000	Procnias_averano-XC410711.wav	3b	0.9444
11	Spectrogram 1	1	3.680351474	3.784841270	1000.000	2600.000	Procnias_averano-XC410711.wav	3b	0.9444
12	Waveform 1	1	4.051870748	4.109920635	1000.000	2600.000	Procnias_averano-XC410711.wav	3a	1.0000
12	Spectrogram 1	1	4.051870748	4.109920635	1000.000	2600.000	Procnias_averano-XC410711.wav	3a	1.0000
13	Waveform 1	1	4.301485261	4.423390023	1000.000	2600.000	Procnias_averano-XC410711.wav	3b	0.8571
13	Spectrogram 1	1	4.301485261	4.423390023	1000.000	2600.000	Procnias_averano-XC410711.wav	3b	0.8571
14	Waveform 1	1	4.661394558	4.719444444	1000.000	2600.000	Procnias_averano-XC410711.wav	3a	1.0000
14	Spectrogram 1	1	4.661394558	4.719444444	1000.000	2600.000	Procnias_averano-XC410711.wav	3a	1.0000
15	Waveform 1	1	4.916814059	5.021303855	1000.000	2600.000	Procnias_averano-XC410711.wav	3b	1.0000
15	Spectrogram 1	1	4.916814059	5.021303855	1000.000	2600.000	Procnias_averano-XC410711.wav	3b	1.0000
16	Waveform 1	1	5.276723356	5.317358277	1000.000	2600.000	Procnias_averano-XC410711.wav	3a	1.0000
16	Spectrogram 1	1	5.276723356	5.317358277	1000.000	2600.000	Procnias_averano-XC410711.wav	3a	1.0000
17	Waveform 1	1	5.520532880	5.688877551	1000.000	2600.000	Procnias_averano-XC410711.wav	3b	0.8621
17	Spectrogram 1	1	5.520532880	5.688877551	1000.000	2600.000	Procnias_averano-XC410711.wav	3b	0.8621
18	Waveform 1	1	5.886247166	5.921077098	1000.000	2600.000	Procnias_averano-XC410711.wav	3a	1.0000
18	Spectrogram 1	1	5.886247166	5.921077098	1000.000	2600.000	Procnias_averano-XC410711.wav	3a	1.0000
19	Waveform 1	1	6.141666667	6.298401361	1000.000	2600.000	Procnias_averano-XC410711.wav	3b	0.9630
19	Spectrogram 1	1	6.141666667	6.298401361	1000.000	2600.000	Procnias_averano-XC410711.wav	3b	0.9630
20	Waveform 1	1	6.606065760	6.629285714	1000.000	2600.000	Procnias_averano-XC410711.wav	3a	1.0000
20	Spectrogram 1	1	6.606065760	6.629285714	1000.000	2600.000	Procnias_averano-XC410711.wav	3a	1.0000
21	Waveform 1	1	6.849875283	7.012414966	1000.000	2600.000	Procnias_averano-XC410711.wav	3b	0.8214
21	Spectrogram 1	1	6.849875283	7.012414966	1000.000	2600.000	Procnias_averano-XC410711.wav	3b	0.8214
22	Waveform 1	1	7.221394558	7.267834467	1000.000	2600.000	Procnias_averano-XC410711.wav	3a	0.8750
22	Spectrogram 1	1	7.221394558	7.267834467	1000.000	2600.000	Procnias_averano-XC410711.wav	3a	0.8750
23	Waveform 1	1	7.459399093	7.587108844	1000.000	2600.000	Procnias_averano-XC410711.wav	3b	1.0000
23	Spectrogram 1	1	7.459399093	7.587108844	1000.000	2600.000	Procnias_averano-XC410711.wav	3b	1.0000
24	Waveform 1	1	7.842528345	7.894773243	1000.000	2600.000	Procnias_averano-XC410711.wav	3a	0.8889
24	Spectrogram 1	1	7.842528345	7.894773243	1000.000	2600.000	Procnias_averano-XC410711.wav	3a	0.8889
25	Waveform 1	1	8.080532880	8.254682540	1000.000	2600.000	Procnias_averano-XC410711.wav	3b	0.9333
25	Spectrogram 1	1	8.080532880	8.254682540	1000.000	2600.000	Procnias_averano-XC410711.wav	3b	0.9333
26	Waveform 1	1	8.463662132	8.504297052	1000.000	2600.000	Procnias_averano-XC410711.wav	3a	1.0000
26	Spectrogram 1	1	8.463662132	8.504297052	1000.000	2600.000	Procnias_averano-XC410711.wav	3a	1.0000
27	Waveform 1	1	8.707471655	8.916451247	1000.000	2600.000	Procnias_averano-XC410711.wav	3b	0.9167
27	Spectrogram 1	1	8.707471655	8.916451247	1000.000	2600.000	Procnias_averano-XC410711.wav	3b	0.9167
28	Waveform 1	1	9.084795918	9.125430839	1000.000	2600.000	Procnias_averano-XC410711.wav	3a	1.0000
28	Spectrogram 1	1	9.084795918	9.125430839	1000.000	2600.000	Procnias_averano-XC410711.wav	3a	1.0000
29	Waveform 1	1	9.328605442	9.543390023	1000.000	2600.000	Procnias_averano-XC410711.wav	3b	0.9189
29	Spectrogram 1	1	9.328605442	9.543390023	1000.000	2600.000	Procnias_averano-XC410711.wav	3b	0.9189
30	Waveform 1	1	9.700124717	9.740759637	1000.000	2600.000	Procnias_averano-XC410711.wav	3a	1.0000
30	Spectrogram 1	1	9.700124717	9.740759637	1000.000	2600.000	Procnias_averano-XC410711.wav	3a	1.0000
35	Waveform 1	1	19.493140590	19.562800454	1000.000	2600.000	Procnias_averano-XC410711.wav	3a	0.9167
35	Spectrogram 1	1	19.493140590	19.562800454	1000.000	2600.000	Procnias_averano-XC410711.wav	3a	0.9167
36	Waveform 1	1	19.731145125	19.940124717	1000.000	2600.000	Procnias_averano-XC410711.wav	3b	0.8056
36	Spectrogram 1	1	19.731145125	19.940124717	1000.000	2600.000	Procnias_averano-XC410711.wav	3b	0.8056
37	Waveform 1	1	20.137494331	20.166519274	1000.000	2600.000	Procnias_averano-XC410711.wav	3a	1.0000
37	Spectrogram 1	1	20.137494331	20.166519274	1000.000	2600.000	Procnias_averano-XC410711.wav	3a	1.0000
38	Waveform 1	1	20.758628118	20.834092971	1000.000	2600.000	Procnias_averano-XC410711.wav	3a	0.7692
38	Spectrogram 1	1	20.758628118	20.834092971	1000.000	2600.000	Procnias_averano-XC410711.wav	3a	0.7692
39	Waveform 1	1	21.391371882	21.437811791	1000.000	2600.000	Procnias_averano-XC410711.wav	3a	1.0000
39	Spectrogram 1	1	21.391371882	21.437811791	1000.000	2600.000	Procnias_averano-XC410711.wav	3a	1.0000
40	Waveform 1	1	21.640986395	21.826746032	1000.000	2600.000	Procnias_averano-XC410711.wav	3b	0.7500
40	Spectrogram 1	1	21.640986395	21.826746032	1000.000	2600.000	Procnias_averano-XC410711.wav	3b	0.7500
41	Waveform 1	1	22.012505669	22.047335601	1000.000	2600.000	Procnias_averano-XC410711.wav	3a	1.0000
41	Spectrogram 1	1	22.012505669	22.047335601	1000.000	2600.000	Procnias_averano-XC410711.wav	3a	1.0000
42	Waveform 1	1	22.627834467	22.691689342	1000.000	2600.000	Procnias_averano-XC410711.wav	3a	1.0000
42	Spectrogram 1	1	22.627834467	22.691689342	1000.000	2600.000	Procnias_averano-XC410711.wav	3a	1.0000
43	Waveform 1	1	22.889058957	22.981938776	1000.000	2600.000	Procnias_averano-XC410711.wav	3b	1.0000
43	Spectrogram 1	1	22.889058957	22.981938776	1000.000	2600.000	Procnias_averano-XC410711.wav	3b	1.0000
44	Waveform 1	1	23.248968254	23.307018141	1000.000	2600.000	Procnias_averano-XC410711.wav	3a	0.9000
44	Spectrogram 1	1	23.248968254	23.307018141	1000.000	2600.000	Procnias_averano-XC410711.wav	3a	0.9000
45	Waveform 1	1	23.870102041	23.910736961	1000.000	2600.000	Procnias_averano-XC410711.wav	3a	1.0000
45	Spectrogram 1	1	23.870102041	23.910736961	1000.000	2600.000	Procnias_averano-XC410711.wav	3a	1.0000
46	Waveform 1	1	24.125521542	24.212596372	1000.000	2600.000	Procnias_averano-XC410711.wav	3b	1.0000
46	Spectrogram 1	1	24.125521542	24.212596372	1000.000	2600.000	Procnias_averano-XC410711.wav	3b	1.0000
47	Waveform 1	1	24.746655329	24.833730159	1000.000	2600.000	Procnias_averano-XC410711.wav	3b	1.0000
47	Spectrogram 1	1	24.746655329	24.833730159	1000.000	2600.000	Procnias_averano-XC410711.wav	3b	1.0000
48	Waveform 1	1	25.112369615	25.141394558	1000.000	2600.000	Procnias_averano-XC410711.wav	3a	1.0000
48	Spectrogram 1	1	25.112369615	25.141394558	1000.000	2600.000	Procnias_averano-XC410711.wav	3a	1.0000
49	Waveform 1	1	25.350374150	25.454863946	1000.000	2600.000	Procnias_averano-XC410711.wav	3b	1.0000
49	Spectrogram 1	1	25.350374150	25.454863946	1000.000	2600.000	Procnias_averano-XC410711.wav	3b	1.0000
50	Waveform 1	1	25.727698413	25.768333333	1000.000	2600.000	Procnias_averano-XC410711.wav	3a	0.8571
50	Spectrogram 1	1	25.727698413	25.768333333	1000.000	2600.000	Procnias_averano-XC410711.wav	3a	0.8571
51	Waveform 1	1	25.965702948	26.110827664	1000.000	2600.000	Procnias_averano-XC410711.wav	3b	0.9600
51	Spectrogram 1	1	25.965702948	26.110827664	1000.000	2600.000	Procnias_averano-XC410711.wav	3b	0.9600
52	Waveform 1	1	26.343027211	26.377857143	1000.000	2600.000	Procnias_averano-XC410711.wav	3a	1.0000
52	Spectrogram 1	1	26.343027211	26.377857143	1000.000	2600.000	Procnias_averano-XC410711.wav	3a	1.0000
53	Waveform 1	1	26.586836735	26.691326531	1000.000	2600.000	Procnias_averano-XC410711.wav	3b	1.0000
53	Spectrogram 1	1	26.586836735	26.691326531	1000.000	2600.000	Procnias_averano-XC410711.wav	3b	1.0000
54	Waveform 1	1	26.958356009	27.010600907	1000.000	2600.000	Procnias_averano-XC410711.wav	3a	1.0000
54	Spectrogram 1	1	26.958356009	27.010600907	1000.000	2600.000	Procnias_averano-XC410711.wav	3a	1.0000
55	Waveform 1	1	27.213775510	27.353095238	1000.000	2600.000	Procnias_averano-XC410711.wav	3b	0.7083
55	Spectrogram 1	1	27.213775510	27.353095238	1000.000	2600.000	Procnias_averano-XC410711.wav	3b	0.7083
56	Waveform 1	1	27.596904762	27.625929705	1000.000	2600.000	Procnias_averano-XC410711.wav	3a	1.0000
56	Spectrogram 1	1	27.596904762	27.625929705	1000.000	2600.000	Procnias_averano-XC410711.wav	3a	1.0000
57	Waveform 1	1	1.498999006	1.628126262	1190.199	3194.744	Procnias_averano-XC410711.wav	3a	
57	Spectrogram 1	1	1.498999006	1.628126262	1190.199	3194.744	Procnias_averano-XC410711.wav	3a	
58	Waveform 1	1	9.926765074	10.097999043	1127.557	3194.744	Procnias_averano-XC410711.wav	3b	
58	Spectrogram 1	1	9.926765074	10.097999043	1127.557	3194.744	Procnias_averano-XC410711.wav	3b	
59	Waveform 1	1	10.308532611	10.451695438	876.989	3382.670	Procnias_averano-XC410711.wav	3a	
59	Spectrogram 1	1	10.308532611	10.451695438	876.989	3382.670	Procnias_averano-XC410711.wav	3a	
60	Waveform 1	1	10.555558665	10.698721491	563.778	3445.312	Procnias_averano-XC410711.wav	3b	
60	Spectrogram 1	1	10.555558665	10.698721491	563.778	3445.312	Procnias_averano-XC410711.wav	3b	
61	Waveform 1	1	20.367583070	20.491096097	1127.557	3194.744	Procnias_averano-XC410711.wav	3b	
61	Spectrogram 1	1	20.367583070	20.491096097	1127.557	3194.744	Procnias_averano-XC410711.wav	3b	
62	Waveform 1	1	21.001990889	21.094625659	751.705	3382.670	Procnias_averano-XC410711.wav	3b	
62	Spectrogram 1	1	21.001990889	21.094625659	751.705	3382.670	Procnias_averano-XC410711.wav	3b	
63	Waveform 1	1	27.806511673	27.949674500	1127.557	3132.102	Procnias_averano-XC410711.wav	3b	
63	Spectrogram 1	1	27.806511673	27.949674500	1127.557	3132.102	Procnias_averano-XC410711.wav	3b	
64	Waveform 1	1	28.185472096	28.325827809	1190.199	3132.102	Procnias_averano-XC410711.wav	3a	
64	Spectrogram 1	1	28.185472096	28.325827809	1190.199	3132.102	Procnias_averano-XC410711.wav	3a	
65	Waveform 1	1	28.421269693	28.595310776	1252.841	3006.818	Procnias_averano-XC410711.wav	3b	
65	Spectrogram 1	1	28.421269693	28.595310776	1252.841	3006.818	Procnias_averano-XC410711.wav	3b	
66	Waveform 1	1	28.830790364	28.962724733	751.705	3006.818	Procnias_averano-XC410711.wav	3a	
66	Spectrogram 1	1	28.830790364	28.962724733	751.705	3006.818	Procnias_averano-XC410711.wav	3a	
67	Waveform 1	1	29.086237760	29.279928643	939.631	3382.670	Procnias_averano-XC410711.wav	3b	
67	Spectrogram 1	1	29.086237760	29.279928643	939.631	3382.670	Procnias_averano-XC410711.wav	3b	
