Selection	View	Channel	Begin Time (s)	End Time (s)	Low Freq (Hz)	High Freq (Hz)	Begin File	Tipo
1	Waveform 1	1	4.272483559	4.435296185	651.724	5485.345	Procnias_averano-ML86798091.wav	1
1	Spectrogram 1	1	4.272483559	4.435296185	651.724	5485.345	Procnias_averano-ML86798091.wav	1
2	Waveform 1	1	9.308886348	9.417421819	923.276	3328.302	Procnias_averano-ML86798091.wav	1
2	Spectrogram 1	1	9.308886348	9.417421819	923.276	3328.302	Procnias_averano-ML86798091.wav	1
3	Waveform 1	1	12.804893703	13.032269957	814.655	2606.897	Procnias_averano-ML86798091.wav	2
3	Spectrogram 1	1	12.804893703	13.032269957	814.655	2606.897	Procnias_averano-ML86798091.wav	2
4	Waveform 1	1	13.341052524	13.520707835	706.034	2443.966	Procnias_averano-ML86798091.wav	2
4	Spectrogram 1	1	13.341052524	13.520707835	706.034	2443.966	Procnias_averano-ML86798091.wav	2
5	Waveform 1	1	13.882699531	14.070776185	814.655	2715.517	Procnias_averano-ML86798091.wav	2
5	Spectrogram 1	1	13.882699531	14.070776185	814.655	2715.517	Procnias_averano-ML86798091.wav	2
6	Waveform 1	1	14.385172981	14.595706549	868.966	2769.828	Procnias_averano-ML86798091.wav	2
6	Spectrogram 1	1	14.385172981	14.595706549	868.966	2769.828	Procnias_averano-ML86798091.wav	2
7	Waveform 1	1	14.921331801	15.148708055	868.966	2932.759	Procnias_averano-ML86798091.wav	2
7	Spectrogram 1	1	14.921331801	15.148708055	868.966	2932.759	Procnias_averano-ML86798091.wav	2
8	Waveform 1	1	15.387187733	15.558421702	1086.207	2715.517	Procnias_averano-ML86798091.wav	2
8	Spectrogram 1	1	15.387187733	15.558421702	1086.207	2715.517	Procnias_averano-ML86798091.wav	2
9	Waveform 1	1	17.653941721	17.847632604	868.966	3367.241	Procnias_averano-ML86798091.wav	2
9	Spectrogram 1	1	17.653941721	17.847632604	868.966	3367.241	Procnias_averano-ML86798091.wav	2
10	Waveform 1	1	18.153608056	18.347298939	923.276	3530.172	Procnias_averano-ML86798091.wav	2
10	Spectrogram 1	1	18.153608056	18.347298939	923.276	3530.172	Procnias_averano-ML86798091.wav	2
11	Waveform 1	1	18.613974792	18.821701246	1086.207	3421.552	Procnias_averano-ML86798091.wav	2
11	Spectrogram 1	1	18.613974792	18.821701246	1086.207	3421.552	Procnias_averano-ML86798091.wav	2
12	Waveform 1	1	19.119255356	19.321367582	1086.207	3204.310	Procnias_averano-ML86798091.wav	2
12	Spectrogram 1	1	19.119255356	19.321367582	1086.207	3204.310	Procnias_averano-ML86798091.wav	2
14	Waveform 1	1	19.630950442	19.779727496	1086.207	3204.310	Procnias_averano-ML86798091.wav	2
14	Spectrogram 1	1	19.630950442	19.779727496	1086.207	3204.310	Procnias_averano-ML86798091.wav	2
15	Waveform 1	1	20.613440427	20.773445939	923.276	3095.690	Procnias_averano-ML86798091.wav	2
15	Spectrogram 1	1	20.613440427	20.773445939	923.276	3095.690	Procnias_averano-ML86798091.wav	2
16	Waveform 1	1	21.076614277	21.228198446	1249.138	3150.000	Procnias_averano-ML86798091.wav	2
16	Spectrogram 1	1	21.076614277	21.228198446	1249.138	3150.000	Procnias_averano-ML86798091.wav	2
17	Waveform 1	1	21.552679443	21.709877841	1068.750	3318.750	Procnias_averano-ML86798091.wav	2
17	Spectrogram 1	1	21.552679443	21.709877841	1068.750	3318.750	Procnias_averano-ML86798091.wav	2
18	Waveform 1	1	22.013046179	22.142173435	956.250	3431.250	Procnias_averano-ML86798091.wav	2
18	Spectrogram 1	1	22.013046179	22.142173435	956.250	3431.250	Procnias_averano-ML86798091.wav	2
19	Waveform 1	1	26.972249452	27.126640736	900.000	5175.000	Procnias_averano-ML86798091.wav	1
19	Spectrogram 1	1	26.972249452	27.126640736	900.000	5175.000	Procnias_averano-ML86798091.wav	1
20	Waveform 1	1	23.374058729	23.567749612	787.500	3262.500	Procnias_averano-ML86798091.wav	2
20	Spectrogram 1	1	23.374058729	23.567749612	787.500	3262.500	Procnias_averano-ML86798091.wav	2
21	Waveform 1	1	22.924920450	23.073697505	787.500	3543.750	Procnias_averano-ML86798091.wav	2
21	Spectrogram 1	1	22.924920450	23.073697505	787.500	3543.750	Procnias_averano-ML86798091.wav	2
22	Waveform 1	1	22.453144040	22.629992237	1012.500	3262.500	Procnias_averano-ML86798091.wav	2
22	Spectrogram 1	1	22.453144040	22.629992237	1012.500	3262.500	Procnias_averano-ML86798091.wav	2
23	Waveform 1	1	23.830787930	24.032900156	787.500	3375.000	Procnias_averano-ML86798091.wav	2
23	Spectrogram 1	1	23.830787930	24.032900156	787.500	3375.000	Procnias_averano-ML86798091.wav	2
24	Waveform 1	1	24.293250826	24.436413653	731.250	3375.000	Procnias_averano-ML86798091.wav	2
24	Spectrogram 1	1	24.293250826	24.436413653	731.250	3375.000	Procnias_averano-ML86798091.wav	2
