Selection	View	Channel	Begin Time (s)	End Time (s)	Low Freq (Hz)	High Freq (Hz)	Begin File	Tipo	Occupancy
1	Waveform 1	1	0.830102041	1.300306122	1000.000	3000.000	Procnias_averano-XC22163.wav	2	0.8765
1	Spectrogram 1	1	0.830102041	1.300306122	1000.000	3000.000	Procnias_averano-XC22163.wav	2	0.8765
2	Waveform 1	1	2.536768707	2.995362812	1000.000	3000.000	Procnias_averano-XC22163.wav	2	0.8354
2	Spectrogram 1	1	2.536768707	2.995362812	1000.000	3000.000	Procnias_averano-XC22163.wav	2	0.8354
3	Waveform 1	1	6.495770975	6.600260771	1000.000	3000.000	Procnias_averano-XC22163.wav	2	1.0000
3	Spectrogram 1	1	6.495770975	6.600260771	1000.000	3000.000	Procnias_averano-XC22163.wav	2	1.0000
4	Waveform 1	1	7.070464853	7.198174603	1000.000	3000.000	Procnias_averano-XC22163.wav	2	0.8636
4	Spectrogram 1	1	7.070464853	7.198174603	1000.000	3000.000	Procnias_averano-XC22163.wav	2	0.8636
5	Waveform 1	1	7.645158730	7.772868481	1000.000	3000.000	Procnias_averano-XC22163.wav	2	0.9091
5	Spectrogram 1	1	7.645158730	7.772868481	1000.000	3000.000	Procnias_averano-XC22163.wav	2	0.9091
6	Waveform 1	1	8.208242630	8.335952381	1000.000	3000.000	Procnias_averano-XC22163.wav	2	0.8636
6	Spectrogram 1	1	8.208242630	8.335952381	1000.000	3000.000	Procnias_averano-XC22163.wav	2	0.8636
7	Waveform 1	1	8.759716553	8.968696145	1000.000	3000.000	Procnias_averano-XC22163.wav	2	0.7222
7	Spectrogram 1	1	8.759716553	8.968696145	1000.000	3000.000	Procnias_averano-XC22163.wav	2	0.7222
8	Waveform 1	1	9.322800454	9.543390023	1000.000	3000.000	Procnias_averano-XC22163.wav	2	0.8421
8	Spectrogram 1	1	9.322800454	9.543390023	1000.000	3000.000	Procnias_averano-XC22163.wav	2	0.8421
9	Waveform 1	1	9.885884354	10.001984127	1000.000	3000.000	Procnias_averano-XC22163.wav	2	1.0000
9	Spectrogram 1	1	9.885884354	10.001984127	1000.000	3000.000	Procnias_averano-XC22163.wav	2	1.0000
10	Waveform 1	1	11.569331066	11.778310658	1000.000	3000.000	Procnias_averano-XC22163.wav	2	0.7500
10	Spectrogram 1	1	11.569331066	11.778310658	1000.000	3000.000	Procnias_averano-XC22163.wav	2	0.7500
11	Waveform 1	1	13.734591837	13.833276644	1000.000	3000.000	Procnias_averano-XC22163.wav	2	1.0000
11	Spectrogram 1	1	13.734591837	13.833276644	1000.000	3000.000	Procnias_averano-XC22163.wav	2	1.0000
12	Waveform 1	1	16.416496599	16.590646259	1000.000	3000.000	Procnias_averano-XC22163.wav	2	0.7000
12	Spectrogram 1	1	16.416496599	16.590646259	1000.000	3000.000	Procnias_averano-XC22163.wav	2	0.7000
13	Waveform 1	1	18.036088435	18.198628118	1000.000	3000.000	Procnias_averano-XC22163.wav	2	0.7500
13	Spectrogram 1	1	18.036088435	18.198628118	1000.000	3000.000	Procnias_averano-XC22163.wav	2	0.7500
14	Waveform 1	1	18.587562358	18.697857143	1000.000	3000.000	Procnias_averano-XC22163.wav	2	1.0000
14	Spectrogram 1	1	18.587562358	18.697857143	1000.000	3000.000	Procnias_averano-XC22163.wav	2	1.0000
15	Waveform 1	1	19.139036281	19.301575964	1000.000	3000.000	Procnias_averano-XC22163.wav	2	0.7500
15	Spectrogram 1	1	19.139036281	19.301575964	1000.000	3000.000	Procnias_averano-XC22163.wav	2	0.7500
16	Waveform 1	1	19.684705215	19.847244898	1000.000	3000.000	Procnias_averano-XC22163.wav	2	0.7857
16	Spectrogram 1	1	19.684705215	19.847244898	1000.000	3000.000	Procnias_averano-XC22163.wav	2	0.7857
