Selection	View	Channel	Begin Time (s)	End Time (s)	Low Freq (Hz)	High Freq (Hz)	Begin File	Tipo	Occupancy
1	Waveform 1	1	1.346746032	1.588826662	1000.000	3000.000	Procnias_averano-WA1905137.wav 	1	0.8750
1	Spectrogram 1	1	1.346746032	1.588826662	1000.000	3000.000	Procnias_averano-WA1905137.wav 	1	0.8750
2	Waveform 1	1	3.424931973	3.635541538	1000.000	3000.000	Procnias_averano-WA1905137.wav 	2	0.9756
2	Spectrogram 1	1	3.424931973	3.635541538	1000.000	3000.000	Procnias_averano-WA1905137.wav 	2	0.9756
5	Waveform 1	1	4.382755102	4.609610181	1000.000	3000.000	Procnias_averano-WA1905137.wav 	2	0.9867
5	Spectrogram 1	1	4.382755102	4.609610181	1000.000	3000.000	Procnias_averano-WA1905137.wav 	2	0.9867
6	Waveform 1	1	5.404433107	5.589293052	1000.000	3000.000	Procnias_averano-WA1905137.wav 	2	0.9241
6	Spectrogram 1	1	5.404433107	5.589293052	1000.000	3000.000	Procnias_averano-WA1905137.wav 	2	0.9241
9	Waveform 1	1	6.280986395	6.501839825	1000.000	3000.000	Procnias_averano-WA1905137.wav 	2	0.9178
9	Spectrogram 1	1	6.280986395	6.501839825	1000.000	3000.000	Procnias_averano-WA1905137.wav 	2	0.9178
10	Waveform 1	1	7.267834467	7.467487125	1000.000	3000.000	Procnias_averano-WA1905137.wav 	2	0.9494
10	Spectrogram 1	1	7.267834467	7.467487125	1000.000	3000.000	Procnias_averano-WA1905137.wav 	2	0.9494
13	Waveform 1	1	8.214047619	8.419098853	1000.000	3000.000	Procnias_averano-WA1905137.wav 	2	0.9870
13	Spectrogram 1	1	8.214047619	8.419098853	1000.000	3000.000	Procnias_averano-WA1905137.wav 	2	0.9870
14	Waveform 1	1	9.108015873	9.314373992	1000.000	3000.000	Procnias_averano-WA1905137.wav 	2	0.9146
14	Spectrogram 1	1	9.108015873	9.314373992	1000.000	3000.000	Procnias_averano-WA1905137.wav 	2	0.9146
17	Waveform 1	1	10.100668934	10.291249749	1000.000	3000.000	Procnias_averano-WA1905137.wav 	2	1.0000
17	Spectrogram 1	1	10.100668934	10.291249749	1000.000	3000.000	Procnias_averano-WA1905137.wav 	2	1.0000
18	Waveform 1	1	11.012052154	11.197947650	1000.000	3000.000	Procnias_averano-WA1905137.wav 	2	1.0000
18	Spectrogram 1	1	11.012052154	11.197947650	1000.000	3000.000	Procnias_averano-WA1905137.wav 	2	1.0000
21	Waveform 1	1	11.998900227	12.199893740	1000.000	3000.000	Procnias_averano-WA1905137.wav 	2	0.9851
21	Spectrogram 1	1	11.998900227	12.199893740	1000.000	3000.000	Procnias_averano-WA1905137.wav 	2	0.9851
22	Waveform 1	1	12.968333333	13.154312583	1000.000	3000.000	Procnias_averano-WA1905137.wav 	2	0.9296
22	Spectrogram 1	1	12.968333333	13.154312583	1000.000	3000.000	Procnias_averano-WA1905137.wav 	2	0.9296
25	Waveform 1	1	13.972596372	14.184523510	1000.000	3000.000	Procnias_averano-WA1905137.wav 	2	0.9412
25	Spectrogram 1	1	13.972596372	14.184523510	1000.000	3000.000	Procnias_averano-WA1905137.wav 	2	0.9412
26	Waveform 1	1	14.773684807	14.955525183	1000.000	3000.000	Procnias_averano-WA1905137.wav 	2	1.0000
26	Spectrogram 1	1	14.773684807	14.955525183	1000.000	3000.000	Procnias_averano-WA1905137.wav 	2	1.0000
29	Waveform 1	1	15.545748299	15.738710057	1000.000	3000.000	Procnias_averano-WA1905137.wav 	2	0.9853
29	Spectrogram 1	1	15.545748299	15.738710057	1000.000	3000.000	Procnias_averano-WA1905137.wav 	2	0.9853
30	Waveform 1	1	16.335226757	16.507859360	1000.000	3000.000	Procnias_averano-WA1905137.wav 	2	1.0000
30	Spectrogram 1	1	16.335226757	16.507859360	1000.000	3000.000	Procnias_averano-WA1905137.wav 	2	1.0000
31	Waveform 1	1	17.124705215	17.321634236	1000.000	3000.000	Procnias_averano-WA1905137.wav 	2	1.0000
31	Spectrogram 1	1	17.124705215	17.321634236	1000.000	3000.000	Procnias_averano-WA1905137.wav 	2	1.0000
35	Waveform 1	1	17.873548753	18.065519511	1000.000	3000.000	Procnias_averano-WA1905137.wav 	2	0.9851
35	Spectrogram 1	1	17.873548753	18.065519511	1000.000	3000.000	Procnias_averano-WA1905137.wav 	2	0.9851
36	Waveform 1	1	18.610782313	18.795369215	1000.000	3000.000	Procnias_averano-WA1905137.wav 	2	0.9846
36	Spectrogram 1	1	18.610782313	18.795369215	1000.000	3000.000	Procnias_averano-WA1905137.wav 	2	0.9846
37	Waveform 1	1	19.313185941	19.496477776	1000.000	3000.000	Procnias_averano-WA1905137.wav 	2	0.9714
37	Spectrogram 1	1	19.313185941	19.496477776	1000.000	3000.000	Procnias_averano-WA1905137.wav 	2	0.9714
41	Waveform 1	1	20.114274376	20.307733793	1000.000	3000.000	Procnias_averano-WA1905137.wav 	2	1.0000
41	Spectrogram 1	1	20.114274376	20.307733793	1000.000	3000.000	Procnias_averano-WA1905137.wav 	2	1.0000
42	Waveform 1	1	20.868922902	21.073405682	1000.000	3000.000	Procnias_averano-WA1905137.wav 	2	0.9710
42	Spectrogram 1	1	20.868922902	21.073405682	1000.000	3000.000	Procnias_averano-WA1905137.wav 	2	0.9710
45	Waveform 1	1	21.664206349	21.865011899	1000.000	3000.000	Procnias_averano-WA1905137.wav 	2	0.9714
45	Spectrogram 1	1	21.664206349	21.865011899	1000.000	3000.000	Procnias_averano-WA1905137.wav 	2	0.9714
46	Waveform 1	1	22.418854875	22.645413049	1000.000	3000.000	Procnias_averano-WA1905137.wav 	2	1.0000
46	Spectrogram 1	1	22.418854875	22.645413049	1000.000	3000.000	Procnias_averano-WA1905137.wav 	2	1.0000
47	Waveform 1	1	23.150283447	23.307892010	1000.000	3000.000	Procnias_averano-WA1905137.wav 	2	1.0000
47	Spectrogram 1	1	23.150283447	23.307892010	1000.000	3000.000	Procnias_averano-WA1905137.wav 	2	1.0000
51	Waveform 1	1	23.887517007	24.057391514	1000.000	3000.000	Procnias_averano-WA1905137.wav 	2	0.9841
51	Spectrogram 1	1	23.887517007	24.057391514	1000.000	3000.000	Procnias_averano-WA1905137.wav 	2	0.9841
52	Waveform 1	1	24.589920635	24.792496288	1000.000	3000.000	Procnias_averano-WA1905137.wav 	2	0.9714
52	Spectrogram 1	1	24.589920635	24.792496288	1000.000	3000.000	Procnias_averano-WA1905137.wav 	2	0.9714
53	Waveform 1	1	25.379399093	25.570066934	1000.000	3000.000	Procnias_averano-WA1905137.wav 	2	0.9848
53	Spectrogram 1	1	25.379399093	25.570066934	1000.000	3000.000	Procnias_averano-WA1905137.wav 	2	0.9848
57	Waveform 1	1	26.145657596	26.352347317	1000.000	3000.000	Procnias_averano-WA1905137.wav 	2	0.9855
57	Spectrogram 1	1	26.145657596	26.352347317	1000.000	3000.000	Procnias_averano-WA1905137.wav 	2	0.9855
58	Waveform 1	1	26.940941043	27.110268163	1000.000	3000.000	Procnias_averano-WA1905137.wav 	2	0.9571
58	Spectrogram 1	1	26.940941043	27.110268163	1000.000	3000.000	Procnias_averano-WA1905137.wav 	2	0.9571
61	Waveform 1	1	27.695589569	27.877701672	1000.000	3000.000	Procnias_averano-WA1905137.wav 	2	1.0000
61	Spectrogram 1	1	27.695589569	27.877701672	1000.000	3000.000	Procnias_averano-WA1905137.wav 	2	1.0000
62	Waveform 1	1	28.427018141	28.613165604	1000.000	3000.000	Procnias_averano-WA1905137.wav 	2	1.0000
62	Spectrogram 1	1	28.427018141	28.613165604	1000.000	3000.000	Procnias_averano-WA1905137.wav 	2	1.0000
63	Waveform 1	1	29.164251701	29.360047111	1000.000	3000.000	Procnias_averano-WA1905137.wav 	2	1.0000
63	Spectrogram 1	1	29.164251701	29.360047111	1000.000	3000.000	Procnias_averano-WA1905137.wav 	2	1.0000
67	Waveform 1	1	29.936315193	30.131144411	1000.000	3000.000	Procnias_averano-WA1905137.wav 	2	0.9079
67	Spectrogram 1	1	29.936315193	30.131144411	1000.000	3000.000	Procnias_averano-WA1905137.wav 	2	0.9079
68	Waveform 1	1	30.876723356	31.096028373	1000.000	3000.000	Procnias_averano-WA1905137.wav 	2	0.9865
68	Spectrogram 1	1	30.876723356	31.096028373	1000.000	3000.000	Procnias_averano-WA1905137.wav 	2	0.9865
71	Waveform 1	1	31.764886621	31.963807199	1000.000	3000.000	Procnias_averano-WA1905137.wav 	2	0.9859
71	Spectrogram 1	1	31.764886621	31.963807199	1000.000	3000.000	Procnias_averano-WA1905137.wav 	2	0.9859
72	Waveform 1	1	32.745929705	32.958380029	1000.000	3000.000	Procnias_averano-WA1905137.wav 	2	1.0000
72	Spectrogram 1	1	32.745929705	32.958380029	1000.000	3000.000	Procnias_averano-WA1905137.wav 	2	1.0000
75	Waveform 1	1	33.663117914	33.898763301	1000.000	3000.000	Procnias_averano-WA1905137.wav 	2	0.9718
75	Spectrogram 1	1	33.663117914	33.898763301	1000.000	3000.000	Procnias_averano-WA1905137.wav 	2	0.9718
76	Waveform 1	1	34.655770975	34.879252747	1000.000	3000.000	Procnias_averano-WA1905137.wav 	2	1.0000
76	Spectrogram 1	1	34.655770975	34.879252747	1000.000	3000.000	Procnias_averano-WA1905137.wav 	2	1.0000
79	Waveform 1	1	35.625204082	35.870164075	1000.000	3000.000	Procnias_averano-WA1905137.wav 	2	0.8736
79	Spectrogram 1	1	35.625204082	35.870164075	1000.000	3000.000	Procnias_averano-WA1905137.wav 	2	0.8736
