Selection	View	Channel	Begin Time (s)	End Time (s)	Low Freq (Hz)	High Freq (Hz)	Begin File	Tipo
1	Waveform 1	1	23.203571620	23.242253104	325.862	4507.759	Procnias_averano-ML62842.wav	1
1	Spectrogram 1	1	23.203571620	23.242253104	325.862	4507.759	Procnias_averano-ML62842.wav	1
2	Waveform 1	1	28.355486065	28.386252473	691.258	4377.966	Procnias_averano-ML62842.wav	1
2	Spectrogram 1	1	28.355486065	28.386252473	691.258	4377.966	Procnias_averano-ML62842.wav	1
3	Waveform 1	1	38.582380294	38.622078884	998.484	5760.482	Procnias_averano-ML62842.wav	1
3	Spectrogram 1	1	38.582380294	38.622078884	998.484	5760.482	Procnias_averano-ML62842.wav	1
4	Waveform 1	1	44.561951541	44.594702878	691.258	5606.869	Procnias_averano-ML62842.wav	1
4	Spectrogram 1	1	44.561951541	44.594702878	691.258	5606.869	Procnias_averano-ML62842.wav	1
5	Waveform 1	1	50.077459116	50.113187847	921.677	5760.482	Procnias_averano-ML62842.wav	1
5	Spectrogram 1	1	50.077459116	50.113187847	921.677	5760.482	Procnias_averano-ML62842.wav	1
6	Waveform 1	1	54.164683478	54.195449886	921.677	5760.482	Procnias_averano-ML62842.wav	1
6	Spectrogram 1	1	54.164683478	54.195449886	921.677	5760.482	Procnias_averano-ML62842.wav	1
7	Waveform 1	1	56.836066235	56.867825108	768.064	5530.063	Procnias_averano-ML62842.wav	1
7	Spectrogram 1	1	56.836066235	56.867825108	768.064	5530.063	Procnias_averano-ML62842.wav	1
8	Waveform 1	1	58.839602589	58.890618715	768.064	4685.192	Procnias_averano-ML62842.wav	1
8	Spectrogram 1	1	58.839602589	58.890618715	768.064	4685.192	Procnias_averano-ML62842.wav	1
9	Waveform 1	1	64.641119631	64.675855897	921.677	5760.482	Procnias_averano-ML62842.wav	1
9	Spectrogram 1	1	64.641119631	64.675855897	921.677	5760.482	Procnias_averano-ML62842.wav	1
11	Waveform 1	1	70.152060122	70.192751177	768.064	6912.578	Procnias_averano-ML62842.wav	1
11	Spectrogram 1	1	70.152060122	70.192751177	768.064	6912.578	Procnias_averano-ML62842.wav	1
12	Waveform 1	1	75.540741011	75.575477278	614.451	5837.288	Procnias_averano-ML62842.wav	1
12	Spectrogram 1	1	75.540741011	75.575477278	614.451	5837.288	Procnias_averano-ML62842.wav	1
13	Waveform 1	1	81.173544227	81.208280493	921.677	5914.095	Procnias_averano-ML62842.wav	1
13	Spectrogram 1	1	81.173544227	81.208280493	921.677	5914.095	Procnias_averano-ML62842.wav	1
