Selection	View	Channel	Begin Time (s)	End Time (s)	Low Freq (Hz)	High Freq (Hz)	Begin File	Tipo
1	Waveform 1	1	2.330949158	2.444985279	384.000	10319.000	Procnias_averano-INAT18722008.wav	1
1	Spectrogram 1	1	2.330949158	2.444985279	384.000	10319.000	Procnias_averano-INAT18722008.wav	1
2	Waveform 1	1	5.402479433	5.479279269	926.200	10111.500	Procnias_averano-INAT18722008.wav	1
2	Spectrogram 1	1	5.402479433	5.479279269	926.200	10111.500	Procnias_averano-INAT18722008.wav	1
3	Waveform 1	1	10.368596155	10.467505036	542.300	10236.300	Procnias_averano-INAT18722008.wav	1
3	Spectrogram 1	1	10.368596155	10.467505036	542.300	10236.300	Procnias_averano-INAT18722008.wav	1
4	Waveform 1	1	15.420993072	15.502447444	542.300	9490.600	Procnias_averano-INAT18722008.wav	1
4	Spectrogram 1	1	15.420993072	15.502447444	542.300	9490.600	Procnias_averano-INAT18722008.wav	1
5	Waveform 1	1	18.284532102	18.361331939	339.000	10575.200	Procnias_averano-INAT18722008.wav	1
5	Spectrogram 1	1	18.284532102	18.361331939	339.000	10575.200	Procnias_averano-INAT18722008.wav	1
6	Waveform 1	1	22.235330841	22.312130678	339.000	11117.600	Procnias_averano-INAT18722008.wav	1
6	Spectrogram 1	1	22.235330841	22.312130678	339.000	11117.600	Procnias_averano-INAT18722008.wav	1
7	Waveform 1	1	24.930228087	25.025646066	542.300	10304.100	Procnias_averano-INAT18722008.wav	1
7	Spectrogram 1	1	24.930228087	25.025646066	542.300	10304.100	Procnias_averano-INAT18722008.wav	1
8	Waveform 1	1	28.000980446	28.078943917	542.300	10507.500	Procnias_averano-INAT18722008.wav	1
8	Spectrogram 1	1	28.000980446	28.078943917	542.300	10507.500	Procnias_averano-INAT18722008.wav	1
9	Waveform 1	1	30.892360194	30.983123637	542.300	10236.300	Procnias_averano-INAT18722008.wav	1
9	Spectrogram 1	1	30.892360194	30.983123637	542.300	10236.300	Procnias_averano-INAT18722008.wav	1
10	Waveform 1	1	33.598638387	33.680092759	339.000	10710.800	Procnias_averano-INAT18722008.wav	1
10	Spectrogram 1	1	33.598638387	33.680092759	339.000	10710.800	Procnias_averano-INAT18722008.wav	1
11	Waveform 1	1	36.184467739	36.274067549	271.200	10371.900	Procnias_averano-INAT18722008.wav	1
11	Spectrogram 1	1	36.184467739	36.274067549	271.200	10371.900	Procnias_averano-INAT18722008.wav	1
12	Waveform 1	1	39.364598954	39.469326004	339.000	10304.100	Procnias_averano-INAT18722008.wav	1
12	Spectrogram 1	1	39.364598954	39.469326004	339.000	10304.100	Procnias_averano-INAT18722008.wav	1
13	Waveform 1	1	44.167553245	44.262971225	542.300	10507.500	Procnias_averano-INAT18722008.wav	1
13	Spectrogram 1	1	44.167553245	44.262971225	542.300	10507.500	Procnias_averano-INAT18722008.wav	1
14	Waveform 1	1	69.869215034	69.973942084	339.000	10846.400	Procnias_averano-INAT18722008.wav	1
14	Spectrogram 1	1	69.869215034	69.973942084	339.000	10846.400	Procnias_averano-INAT18722008.wav	1
15	Waveform 1	1	73.952530066	74.071220723	542.300	10778.600	Procnias_averano-INAT18722008.wav	1
15	Spectrogram 1	1	73.952530066	74.071220723	542.300	10778.600	Procnias_averano-INAT18722008.wav	1
16	Waveform 1	1	77.877250366	77.985468318	339.000	10371.900	Procnias_averano-INAT18722008.wav	1
16	Spectrogram 1	1	77.877250366	77.985468318	339.000	10371.900	Procnias_averano-INAT18722008.wav	1
