Selection	View	Channel	Begin Time (s)	End Time (s)	Low Freq (Hz)	High Freq (Hz)	Begin File	Tipo
1	Waveform 1	1	2.160937640	2.295679124	522.512	4127.844	Procnias_averano-ML616571975.wav	1
1	Spectrogram 1	1	2.160937640	2.295679124	522.512	4127.844	Procnias_averano-ML616571975.wav	1
2	Waveform 1	1	5.927493183	6.098727152	679.265	3500.829	Procnias_averano-ML616571975.wav	1
2	Spectrogram 1	1	5.927493183	6.098727152	679.265	3500.829	Procnias_averano-ML616571975.wav	1
3	Waveform 1	1	9.312834253	9.520560707	992.773	1881.043	Procnias_averano-ML616571975.wav	2
3	Spectrogram 1	1	9.312834253	9.520560707	992.773	1881.043	Procnias_averano-ML616571975.wav	2
4	Waveform 1	1	10.081657563	10.317455160	1007.091	1908.173	Procnias_averano-ML616571975.wav	2
4	Spectrogram 1	1	10.081657563	10.317455160	1007.091	1908.173	Procnias_averano-ML616571975.wav	2
5	Waveform 1	1	10.873263780	11.134325405	954.087	2597.236	Procnias_averano-ML616571975.wav	2
5	Spectrogram 1	1	10.873263780	11.134325405	954.087	2597.236	Procnias_averano-ML616571975.wav	2
6	Waveform 1	1	11.597833014	11.794331011	954.087	2650.240	Procnias_averano-ML616571975.wav	2
6	Spectrogram 1	1	11.597833014	11.794331011	954.087	2650.240	Procnias_averano-ML616571975.wav	2
7	Waveform 1	1	12.422668455	12.638816251	848.077	2756.250	Procnias_averano-ML616571975.wav	2
7	Spectrogram 1	1	12.422668455	12.638816251	848.077	2756.250	Procnias_averano-ML616571975.wav	2
8	Waveform 1	1	13.099182987	13.270416956	636.058	2332.212	Procnias_averano-ML616571975.wav	2
8	Spectrogram 1	1	13.099182987	13.270416956	636.058	2332.212	Procnias_averano-ML616571975.wav	2
