Selection	View	Channel	Begin Time (s)	End Time (s)	Low Freq (Hz)	High Freq (Hz)	Begin File	Tipo	Occupancy
1	Waveform 1	1	1.747290249	1.903223457	1000.000	3000.000	Procnias_averano-WA707469.wav	1	0.8869
1	Spectrogram 1	1	1.747290249	1.903223457	1000.000	3000.000	Procnias_averano-WA707469.wav	1	0.8869
2	Waveform 1	1	4.597539683	4.746916581	1000.000	3000.000	Procnias_averano-WA707469.wav	2	0.9149
2	Spectrogram 1	1	4.597539683	4.746916581	1000.000	3000.000	Procnias_averano-WA707469.wav	2	0.9149
3	Waveform 1	1	5.119988662	5.249390031	1000.000	3000.000	Procnias_averano-WA707469.wav	2	1.0000
3	Spectrogram 1	1	5.119988662	5.249390031	1000.000	3000.000	Procnias_averano-WA707469.wav	2	1.0000
4	Waveform 1	1	5.654047619	5.788355966	1000.000	3000.000	Procnias_averano-WA707469.wav	2	0.9828
4	Spectrogram 1	1	5.654047619	5.788355966	1000.000	3000.000	Procnias_averano-WA707469.wav	2	0.9828
5	Waveform 1	1	6.217131519	6.338550358	1000.000	3000.000	Procnias_averano-WA707469.wav	2	1.0000
5	Spectrogram 1	1	6.217131519	6.338550358	1000.000	3000.000	Procnias_averano-WA707469.wav	2	1.0000
6	Waveform 1	1	6.768605442	6.911927050	1000.000	3000.000	Procnias_averano-WA707469.wav	2	0.9487
6	Spectrogram 1	1	6.768605442	6.911927050	1000.000	3000.000	Procnias_averano-WA707469.wav	2	0.9487
7	Waveform 1	1	7.331689342	7.490192585	1000.000	3000.000	Procnias_averano-WA707469.wav	2	0.7955
7	Spectrogram 1	1	7.331689342	7.490192585	1000.000	3000.000	Procnias_averano-WA707469.wav	2	0.7955
8	Waveform 1	1	7.906383220	8.037742556	1000.000	3000.000	Procnias_averano-WA707469.wav	2	1.0000
8	Spectrogram 1	1	7.906383220	8.037742556	1000.000	3000.000	Procnias_averano-WA707469.wav	2	1.0000
9	Waveform 1	1	8.446247166	8.593551176	1000.000	3000.000	Procnias_averano-WA707469.wav	2	1.0000
9	Spectrogram 1	1	8.446247166	8.593551176	1000.000	3000.000	Procnias_averano-WA707469.wav	2	1.0000
10	Waveform 1	1	8.974501134	9.093217511	1000.000	3000.000	Procnias_averano-WA707469.wav	2	0.9737
10	Spectrogram 1	1	8.974501134	9.093217511	1000.000	3000.000	Procnias_averano-WA707469.wav	2	0.9737
11	Waveform 1	1	9.566609977	9.697872460	1000.000	3000.000	Procnias_averano-WA707469.wav	2	1.0000
11	Spectrogram 1	1	9.566609977	9.697872460	1000.000	3000.000	Procnias_averano-WA707469.wav	2	1.0000
12	Waveform 1	1	10.100668934	10.225609938	1000.000	3000.000	Procnias_averano-WA707469.wav	2	0.8810
12	Spectrogram 1	1	10.100668934	10.225609938	1000.000	3000.000	Procnias_averano-WA707469.wav	2	0.8810
13	Waveform 1	1	10.675362812	10.803875472	1000.000	3000.000	Procnias_averano-WA707469.wav	2	1.0000
13	Spectrogram 1	1	10.675362812	10.803875472	1000.000	3000.000	Procnias_averano-WA707469.wav	2	1.0000
14	Waveform 1	1	11.232641723	11.370194828	1000.000	3000.000	Procnias_averano-WA707469.wav	2	1.0000
14	Spectrogram 1	1	11.232641723	11.370194828	1000.000	3000.000	Procnias_averano-WA707469.wav	2	1.0000
15	Waveform 1	1	11.801530612	11.923196334	1000.000	3000.000	Procnias_averano-WA707469.wav	2	1.0000
15	Spectrogram 1	1	11.801530612	11.923196334	1000.000	3000.000	Procnias_averano-WA707469.wav	2	1.0000
16	Waveform 1	1	12.382029478	12.521111668	1000.000	3000.000	Procnias_averano-WA707469.wav	2	0.9737
16	Spectrogram 1	1	12.382029478	12.521111668	1000.000	3000.000	Procnias_averano-WA707469.wav	2	0.9737
17	Waveform 1	1	12.927698413	13.057270489	1000.000	3000.000	Procnias_averano-WA707469.wav	2	1.0000
17	Spectrogram 1	1	12.927698413	13.057270489	1000.000	3000.000	Procnias_averano-WA707469.wav	2	1.0000
18	Waveform 1	1	13.519807256	13.670588204	1000.000	3000.000	Procnias_averano-WA707469.wav	2	0.8723
18	Spectrogram 1	1	13.519807256	13.670588204	1000.000	3000.000	Procnias_averano-WA707469.wav	2	0.8723
19	Waveform 1	1	14.111916100	14.257275081	1000.000	3000.000	Procnias_averano-WA707469.wav	2	1.0000
19	Spectrogram 1	1	14.111916100	14.257275081	1000.000	3000.000	Procnias_averano-WA707469.wav	2	1.0000
20	Waveform 1	1	14.680804989	14.827119272	1000.000	3000.000	Procnias_averano-WA707469.wav	2	0.9706
20	Spectrogram 1	1	14.680804989	14.827119272	1000.000	3000.000	Procnias_averano-WA707469.wav	2	0.9706
21	Waveform 1	1	15.226473923	15.366085207	1000.000	3000.000	Procnias_averano-WA707469.wav	2	0.9474
21	Spectrogram 1	1	15.226473923	15.366085207	1000.000	3000.000	Procnias_averano-WA707469.wav	2	0.9474
22	Waveform 1	1	15.801167800	15.977157756	1000.000	3000.000	Procnias_averano-WA707469.wav	2	0.7763
22	Spectrogram 1	1	15.801167800	15.977157756	1000.000	3000.000	Procnias_averano-WA707469.wav	2	0.7763
23	Waveform 1	1	16.352641723	16.474016977	1000.000	3000.000	Procnias_averano-WA707469.wav	2	0.9167
23	Spectrogram 1	1	16.352641723	16.474016977	1000.000	3000.000	Procnias_averano-WA707469.wav	2	0.9167
24	Waveform 1	1	16.886700680	17.038246940	1000.000	3000.000	Procnias_averano-WA707469.wav	2	0.8219
24	Spectrogram 1	1	16.886700680	17.038246940	1000.000	3000.000	Procnias_averano-WA707469.wav	2	0.8219
25	Waveform 1	1	26.575226757	26.750079045	1000.000	3000.000	Procnias_averano-WA707469.wav	1	0.9394
25	Spectrogram 1	1	26.575226757	26.750079045	1000.000	3000.000	Procnias_averano-WA707469.wav	1	0.9394
26	Waveform 1	1	30.220759637	30.349685351	1000.000	3000.000	Procnias_averano-WA707469.wav	1	0.9890
26	Spectrogram 1	1	30.220759637	30.349685351	1000.000	3000.000	Procnias_averano-WA707469.wav	1	0.9890
27	Waveform 1	1	35.189829932	35.381088948	1000.000	3000.000	Procnias_averano-WA707469.wav	1	0.9195
27	Spectrogram 1	1	35.189829932	35.381088948	1000.000	3000.000	Procnias_averano-WA707469.wav	1	0.9195
28	Waveform 1	1	38.173594104	38.338828412	1000.000	3000.000	Procnias_averano-WA707469.wav	1	0.9495
28	Spectrogram 1	1	38.173594104	38.338828412	1000.000	3000.000	Procnias_averano-WA707469.wav	1	0.9495
29	Waveform 1	1	39.264931973	39.388689139	1000.000	3000.000	Procnias_averano-WA707469.wav	2	0.8049
29	Spectrogram 1	1	39.264931973	39.388689139	1000.000	3000.000	Procnias_averano-WA707469.wav	2	0.8049
30	Waveform 1	1	40.304024943	40.477451525	1000.000	3000.000	Procnias_averano-WA707469.wav	2	0.8871
30	Spectrogram 1	1	40.304024943	40.477451525	1000.000	3000.000	Procnias_averano-WA707469.wav	2	0.8871
31	Waveform 1	1	41.314092971	41.431870367	1000.000	3000.000	Procnias_averano-WA707469.wav	2	0.8974
31	Spectrogram 1	1	41.314092971	41.431870367	1000.000	3000.000	Procnias_averano-WA707469.wav	2	0.8974
32	Waveform 1	1	42.237086168	42.344182497	1000.000	3000.000	Procnias_averano-WA707469.wav	2	0.8929
32	Spectrogram 1	1	42.237086168	42.344182497	1000.000	3000.000	Procnias_averano-WA707469.wav	2	0.8929
33	Waveform 1	1	43.276179138	43.418428151	1000.000	3000.000	Procnias_averano-WA707469.wav	2	0.9259
33	Spectrogram 1	1	43.276179138	43.418428151	1000.000	3000.000	Procnias_averano-WA707469.wav	2	0.9259
34	Waveform 1	1	44.141122449	44.277405109	1000.000	3000.000	Procnias_averano-WA707469.wav	2	0.9400
34	Spectrogram 1	1	44.141122449	44.277405109	1000.000	3000.000	Procnias_averano-WA707469.wav	2	0.9400
35	Waveform 1	1	45.139580499	45.270327277	1000.000	3000.000	Procnias_averano-WA707469.wav	2	0.7660
35	Spectrogram 1	1	45.139580499	45.270327277	1000.000	3000.000	Procnias_averano-WA707469.wav	2	0.7660
38	Waveform 1	1	21.696702675	21.876357986	892.500	3307.500	Procnias_averano-WA707469.wav	1	
38	Spectrogram 1	1	21.696702675	21.876357986	892.500	3307.500	Procnias_averano-WA707469.wav	1	
