Selection	View	Channel	Begin Time (s)	End Time (s)	Low Freq (Hz)	High Freq (Hz)	Begin File	Tipo
1	Waveform 1	1	1.195830668	1.355836180	735.000	4620.000	Procnias_averano-XC307748.wav	1
1	Spectrogram 1	1	1.195830668	1.355836180	735.000	4620.000	Procnias_averano-XC307748.wav	1
2	Waveform 1	1	4.609582589	4.738709844	892.500	4462.500	Procnias_averano-XC307748.wav	1
2	Spectrogram 1	1	4.609582589	4.738709844	892.500	4462.500	Procnias_averano-XC307748.wav	1
3	Waveform 1	1	7.005916307	7.140657790	525.000	3780.000	Procnias_averano-XC307748.wav	1
3	Spectrogram 1	1	7.005916307	7.140657790	525.000	3780.000	Procnias_averano-XC307748.wav	1
4	Waveform 1	1	8.662107736	8.802463448	735.000	2887.500	Procnias_averano-XC307748.wav	3a
4	Spectrogram 1	1	8.662107736	8.802463448	735.000	2887.500	Procnias_averano-XC307748.wav	3a
5	Waveform 1	1	9.209495014	9.330200926	840.000	2677.500	Procnias_averano-XC307748.wav	3a
5	Spectrogram 1	1	9.209495014	9.330200926	840.000	2677.500	Procnias_averano-XC307748.wav	3a
6	Waveform 1	1	9.776532091	9.944958946	1260.000	3150.000	Procnias_averano-XC307748.wav	3a
6	Spectrogram 1	1	9.776532091	9.944958946	1260.000	3150.000	Procnias_averano-XC307748.wav	3a
7	Waveform 1	1	12.720563544	12.891797513	630.000	3990.000	Procnias_averano-XC307748.wav	1
7	Spectrogram 1	1	12.720563544	12.891797513	630.000	3990.000	Procnias_averano-XC307748.wav	1
8	Waveform 1	1	15.455307771	15.567592341	577.500	3832.500	Procnias_averano-XC307748.wav	1
8	Spectrogram 1	1	15.455307771	15.567592341	577.500	3832.500	Procnias_averano-XC307748.wav	1
9	Waveform 1	1	23.907816063	24.039750433	840.000	4410.000	Procnias_averano-XC307748.wav	1
9	Spectrogram 1	1	23.907816063	24.039750433	840.000	4410.000	Procnias_averano-XC307748.wav	1
10	Waveform 1	1	25.730251644	25.850957556	787.500	2520.000	Procnias_averano-XC307748.wav	3a
10	Spectrogram 1	1	25.730251644	25.850957556	787.500	2520.000	Procnias_averano-XC307748.wav	3a
11	Waveform 1	1	26.266410465	26.389923491	682.500	2257.500	Procnias_averano-XC307748.wav	3a
11	Spectrogram 1	1	26.266410465	26.389923491	682.500	2257.500	Procnias_averano-XC307748.wav	3a
12	Waveform 1	1	26.819411971	26.962574797	892.500	2467.500	Procnias_averano-XC307748.wav	3a
12	Spectrogram 1	1	26.819411971	26.962574797	892.500	2467.500	Procnias_averano-XC307748.wav	3a
13	Waveform 1	1	27.428239323	27.576082750	945.000	2677.500	Procnias_averano-XC307748.wav	3a
13	Spectrogram 1	1	27.428239323	27.576082750	945.000	2677.500	Procnias_averano-XC307748.wav	3a
14	Waveform 1	1	28.071068485	28.207683455	945.000	2625.000	Procnias_averano-XC307748.wav	3a
14	Spectrogram 1	1	28.071068485	28.207683455	945.000	2625.000	Procnias_averano-XC307748.wav	3a
15	Waveform 1	1	32.637606747	32.747084202	840.000	3675.000	Procnias_averano-XC307748.wav	1
15	Spectrogram 1	1	32.637606747	32.747084202	840.000	3675.000	Procnias_averano-XC307748.wav	1
16	Waveform 1	1	34.316568783	34.442888924	840.000	3727.500	Procnias_averano-XC307748.wav	1
16	Spectrogram 1	1	34.316568783	34.442888924	840.000	3727.500	Procnias_averano-XC307748.wav	1
17	Waveform 1	1	37.738742307	37.873483791	735.000	4252.500	Procnias_averano-XC307748.wav	1
17	Spectrogram 1	1	37.738742307	37.873483791	735.000	4252.500	Procnias_averano-XC307748.wav	1
18	Waveform 1	1	40.022482218	40.115116989	735.000	3727.500	Procnias_averano-XC307748.wav	1
18	Spectrogram 1	1	40.022482218	40.115116989	735.000	3727.500	Procnias_averano-XC307748.wav	1
19	Waveform 1	1	44.394392740	44.523519995	840.000	3937.500	Procnias_averano-XC307748.wav	1
19	Spectrogram 1	1	44.394392740	44.523519995	840.000	3937.500	Procnias_averano-XC307748.wav	1
20	Waveform 1	1	48.215183682	48.349296534	577.500	2730.000	Procnias_averano-XC307748.wav	3a
20	Spectrogram 1	1	48.215183682	48.349296534	577.500	2730.000	Procnias_averano-XC307748.wav	3a
21	Waveform 1	1	48.776906316	48.932548404	892.500	2782.500	Procnias_averano-XC307748.wav	3a
21	Spectrogram 1	1	48.776906316	48.932548404	892.500	2782.500	Procnias_averano-XC307748.wav	3a
22	Waveform 1	1	49.360786079	49.510813938	840.000	2940.000	Procnias_averano-XC307748.wav	3a
22	Spectrogram 1	1	49.360786079	49.510813938	840.000	2940.000	Procnias_averano-XC307748.wav	3a
23	Waveform 1	1	53.260483200	53.369960656	735.000	4042.500	Procnias_averano-XC307748.wav	1
23	Spectrogram 1	1	53.260483200	53.369960656	735.000	4042.500	Procnias_averano-XC307748.wav	1
24	Waveform 1	1	54.334980062	54.452878860	577.500	3937.500	Procnias_averano-XC307748.wav	1
24	Spectrogram 1	1	54.334980062	54.452878860	577.500	3937.500	Procnias_averano-XC307748.wav	1
25	Waveform 1	1	57.282439315	57.458666077	945.000	3097.500	Procnias_averano-XC307748.wav	3a
25	Spectrogram 1	1	57.282439315	57.458666077	945.000	3097.500	Procnias_averano-XC307748.wav	3a
26	Waveform 1	1	57.891583106	58.025703154	945.000	2730.000	Procnias_averano-XC307748.wav	3a
26	Spectrogram 1	1	57.891583106	58.025703154	945.000	2730.000	Procnias_averano-XC307748.wav	3a
27	Waveform 1	1	59.185351547	59.295767105	997.500	2730.000	Procnias_averano-XC307748.wav	3a
27	Spectrogram 1	1	59.185351547	59.295767105	997.500	2730.000	Procnias_averano-XC307748.wav	3a
28	Waveform 1	1	59.766424195	59.888374454	1050.000	2730.000	Procnias_averano-XC307748.wav	3a
28	Spectrogram 1	1	59.766424195	59.888374454	1050.000	2730.000	Procnias_averano-XC307748.wav	3a
30	Waveform 1	1	8.847377276	9.012997016	739.933	2589.765	Procnias_averano-XC307748.wav	3b
30	Spectrogram 1	1	8.847377276	9.012997016	739.933	2589.765	Procnias_averano-XC307748.wav	3b
31	Waveform 1	1	9.375114754	9.540734494	739.933	2663.758	Procnias_averano-XC307748.wav	3b
31	Spectrogram 1	1	9.375114754	9.540734494	739.933	2663.758	Procnias_averano-XC307748.wav	3b
34	Waveform 1	1	25.918328298	26.072719582	739.933	2589.765	Procnias_averano-XC307748.wav	3b
34	Spectrogram 1	1	25.918328298	26.072719582	739.933	2589.765	Procnias_averano-XC307748.wav	3b
35	Waveform 1	1	26.443258662	26.578000146	813.926	2367.785	Procnias_averano-XC307748.wav	3b
35	Spectrogram 1	1	26.443258662	26.578000146	813.926	2367.785	Procnias_averano-XC307748.wav	3b
36	Waveform 1	1	27.035559767	27.212407965	887.919	2293.792	Procnias_averano-XC307748.wav	3b
36	Spectrogram 1	1	27.035559767	27.212407965	887.919	2293.792	Procnias_averano-XC307748.wav	3b
37	Waveform 1	1	27.665910406	27.870829745	739.933	2589.765	Procnias_averano-XC307748.wav	3b
37	Spectrogram 1	1	27.665910406	27.870829745	739.933	2589.765	Procnias_averano-XC307748.wav	3b
38	Waveform 1	1	28.297511111	28.465937965	887.919	2663.758	Procnias_averano-XC307748.wav	3b
38	Spectrogram 1	1	28.297511111	28.465937965	887.919	2663.758	Procnias_averano-XC307748.wav	3b
39	Waveform 1	1	28.733856919	28.860177060	887.919	2959.732	Procnias_averano-XC307748.wav	3a
39	Spectrogram 1	1	28.733856919	28.860177060	887.919	2959.732	Procnias_averano-XC307748.wav	3a
41	Waveform 1	1	48.399824591	48.585094131	591.946	2959.732	Procnias_averano-XC307748.wav	3b
41	Spectrogram 1	1	48.399824591	48.585094131	591.946	2959.732	Procnias_averano-XC307748.wav	3b
43	Waveform 1	1	48.999919145	49.137467743	961.913	2959.732	Procnias_averano-XC307748.wav	3b
43	Spectrogram 1	1	48.999919145	49.137467743	961.913	2959.732	Procnias_averano-XC307748.wav	3b
44	Waveform 1	1	57.492351448	57.646742731	739.933	2811.745	Procnias_averano-XC307748.wav	3b
44	Spectrogram 1	1	57.492351448	57.646742731	739.933	2811.745	Procnias_averano-XC307748.wav	3b
45	Waveform 1	1	58.112723696	58.275536322	813.926	2663.758	Procnias_averano-XC307748.wav	3b
45	Spectrogram 1	1	58.112723696	58.275536322	813.926	2663.758	Procnias_averano-XC307748.wav	3b
46	Waveform 1	1	58.532232031	58.695044657	813.926	2811.745	Procnias_averano-XC307748.wav	3a
46	Spectrogram 1	1	58.532232031	58.695044657	813.926	2811.745	Procnias_averano-XC307748.wav	3a
47	Waveform 1	1	58.737151371	58.902771111	887.919	2885.738	Procnias_averano-XC307748.wav	3b
47	Spectrogram 1	1	58.737151371	58.902771111	887.919	2885.738	Procnias_averano-XC307748.wav	3b
48	Waveform 1	1	59.357523619	59.506300674	813.926	3033.725	Procnias_averano-XC307748.wav	3b
48	Spectrogram 1	1	59.357523619	59.506300674	813.926	3033.725	Procnias_averano-XC307748.wav	3b
49	Waveform 1	1	59.922059825	60.068029766	887.919	2367.785	Procnias_averano-XC307748.wav	3b
49	Spectrogram 1	1	59.922059825	60.068029766	887.919	2367.785	Procnias_averano-XC307748.wav	3b
