Selection	View	Channel	Begin Time (s)	End Time (s)	Low Freq (Hz)	High Freq (Hz)	Begin File	Tipo
1	Waveform 1	1	0.520850834	0.762839053	946.317	1825.041	Procnias_averano-ML632285312.wav	2
1	Spectrogram 1	1	0.520850834	0.762839053	946.317	1825.041	Procnias_averano-ML632285312.wav	2
2	Waveform 1	1	0.914945934	1.094708611	968.849	1937.697	Procnias_averano-ML632285312.wav	2
2	Spectrogram 1	1	0.914945934	1.094708611	968.849	1937.697	Procnias_averano-ML632285312.wav	2
3	Waveform 1	1	1.313650334	1.484194412	968.849	1870.103	Procnias_averano-ML632285312.wav	2
3	Spectrogram 1	1	1.313650334	1.484194412	968.849	1870.103	Procnias_averano-ML632285312.wav	2
4	Waveform 1	1	11.262743498	11.324969040	811.129	5407.528	Procnias_averano-ML632285312.wav	1
4	Spectrogram 1	1	11.262743498	11.324969040	811.129	5407.528	Procnias_averano-ML632285312.wav	1
5	Waveform 1	1	15.558747096	15.662456333	991.380	2027.823	Procnias_averano-ML632285312.wav	2
5	Spectrogram 1	1	15.558747096	15.662456333	991.380	2027.823	Procnias_averano-ML632285312.wav	2
6	Waveform 1	1	15.936709648	16.056551433	991.380	1847.572	Procnias_averano-ML632285312.wav	2
6	Spectrogram 1	1	15.936709648	16.056551433	991.380	1847.572	Procnias_averano-ML632285312.wav	2
7	Waveform 1	1	16.296235002	16.443732584	1171.631	2117.948	Procnias_averano-ML632285312.wav	2
7	Spectrogram 1	1	16.296235002	16.443732584	1171.631	2117.948	Procnias_averano-ML632285312.wav	2
8	Waveform 1	1	16.683416153	16.821695136	991.380	1982.760	Procnias_averano-ML632285312.wav	2
8	Spectrogram 1	1	16.683416153	16.821695136	991.380	1982.760	Procnias_averano-ML632285312.wav	2
9	Waveform 1	1	19.119016397	19.254990730	675.941	1847.572	Procnias_averano-ML632285312.wav	2
9	Spectrogram 1	1	19.119016397	19.254990730	675.941	1847.572	Procnias_averano-ML632285312.wav	2
10	Waveform 1	1	19.492369650	19.635257932	766.066	1847.572	Procnias_averano-ML632285312.wav	2
10	Spectrogram 1	1	19.492369650	19.635257932	766.066	1847.572	Procnias_averano-ML632285312.wav	2
11	Waveform 1	1	19.881855450	20.004001885	991.380	1937.697	Procnias_averano-ML632285312.wav	2
11	Spectrogram 1	1	19.881855450	20.004001885	991.380	1937.697	Procnias_averano-ML632285312.wav	2
12	Waveform 1	1	20.654805186	20.818435315	991.380	2027.823	Procnias_averano-ML632285312.wav	2
12	Spectrogram 1	1	20.654805186	20.818435315	991.380	2027.823	Procnias_averano-ML632285312.wav	2
13	Waveform 1	1	21.012025890	21.182569969	901.255	2072.886	Procnias_averano-ML632285312.wav	2
13	Spectrogram 1	1	21.012025890	21.182569969	901.255	2072.886	Procnias_averano-ML632285312.wav	2
14	Waveform 1	1	21.415339589	21.537486024	991.380	2027.823	Procnias_averano-ML632285312.wav	2
14	Spectrogram 1	1	21.415339589	21.537486024	991.380	2027.823	Procnias_averano-ML632285312.wav	2
15	Waveform 1	1	29.122151300	29.221251238	946.317	2163.011	Procnias_averano-ML632285312.wav	2
15	Spectrogram 1	1	29.122151300	29.221251238	946.317	2163.011	Procnias_averano-ML632285312.wav	2
16	Waveform 1	1	29.495504553	29.629174236	901.255	2117.948	Procnias_averano-ML632285312.wav	2
16	Spectrogram 1	1	29.495504553	29.629174236	901.255	2117.948	Procnias_averano-ML632285312.wav	2
17	Waveform 1	1	29.884990354	30.030183286	811.129	2208.074	Procnias_averano-ML632285312.wav	2
17	Spectrogram 1	1	29.884990354	30.030183286	811.129	2208.074	Procnias_averano-ML632285312.wav	2
18	Waveform 1	1	28.753407347	28.836374737	1126.568	2027.823	Procnias_averano-ML632285312.wav	2
18	Spectrogram 1	1	28.753407347	28.836374737	1126.568	2027.823	Procnias_averano-ML632285312.wav	2
