Selection	View	Channel	Begin Time (s)	End Time (s)	Low Freq (Hz)	High Freq (Hz)	Begin File	Tipo
1	Waveform 1	1	2.732711263	3.097749153	892.197	3568.786	Procnias_averano-ML632279465.wav	3a
1	Spectrogram 1	1	2.732711263	3.097749153	892.197	3568.786	Procnias_averano-ML632279465.wav	3a
2	Waveform 1	1	3.130341822	3.541009448	764.740	3186.416	Procnias_averano-ML632279465.wav	3b
2	Spectrogram 1	1	3.130341822	3.541009448	764.740	3186.416	Procnias_averano-ML632279465.wav	3b
3	Waveform 1	1	8.102752993	8.180975398	509.827	4588.439	Procnias_averano-ML632279465.wav	1
3	Spectrogram 1	1	8.102752993	8.180975398	509.827	4588.439	Procnias_averano-ML632279465.wav	1
4	Waveform 1	1	13.669725414	13.731651485	892.197	4652.168	Procnias_averano-ML632279465.wav	1
4	Spectrogram 1	1	13.669725414	13.731651485	892.197	4652.168	Procnias_averano-ML632279465.wav	1
5	Waveform 1	1	18.003318122	18.107027359	1083.382	2198.627	Procnias_averano-ML632279465.wav	2
5	Spectrogram 1	1	18.003318122	18.107027359	1083.382	2198.627	Procnias_averano-ML632279465.wav	2
6	Waveform 1	1	18.406631821	18.524168956	1019.653	2198.627	Procnias_averano-ML632279465.wav	2
6	Spectrogram 1	1	18.406631821	18.524168956	1019.653	2198.627	Procnias_averano-ML632279465.wav	2
7	Waveform 1	1	18.800726921	18.939005904	955.925	2198.627	Procnias_averano-ML632279465.wav	2
7	Spectrogram 1	1	18.800726921	18.939005904	955.925	2198.627	Procnias_averano-ML632279465.wav	2
8	Waveform 1	1	19.557240307	19.707042538	1083.382	2071.171	Procnias_averano-ML632279465.wav	2
8	Spectrogram 1	1	19.557240307	19.707042538	1083.382	2071.171	Procnias_averano-ML632279465.wav	2
9	Waveform 1	1	19.928288910	20.112660886	1115.246	2326.084	Procnias_averano-ML632279465.wav	2
9	Spectrogram 1	1	19.928288910	20.112660886	1115.246	2326.084	Procnias_averano-ML632279465.wav	2
10	Waveform 1	1	20.287814264	20.488318789	764.740	2294.220	Procnias_averano-ML632279465.wav	2
10	Spectrogram 1	1	20.287814264	20.488318789	764.740	2294.220	Procnias_averano-ML632279465.wav	2
11	Waveform 1	1	20.702651212	20.847844143	1115.246	2134.899	Procnias_averano-ML632279465.wav	2
11	Spectrogram 1	1	20.702651212	20.847844143	1115.246	2134.899	Procnias_averano-ML632279465.wav	2
12	Waveform 1	1	22.244190622	22.453913746	987.789	2039.306	Procnias_averano-ML632279465.wav	2
12	Spectrogram 1	1	22.244190622	22.453913746	987.789	2039.306	Procnias_averano-ML632279465.wav	2
13	Waveform 1	1	22.656722920	22.818048400	1051.517	2326.084	Procnias_averano-ML632279465.wav	2
13	Spectrogram 1	1	22.656722920	22.818048400	1051.517	2326.084	Procnias_averano-ML632279465.wav	2
14	Waveform 1	1	23.025466873	23.219057449	955.925	2389.812	Procnias_averano-ML632279465.wav	2
14	Spectrogram 1	1	23.025466873	23.219057449	955.925	2389.812	Procnias_averano-ML632279465.wav	2
15	Waveform 1	1	23.747838935	24.038224798	1115.246	2007.442	Procnias_averano-ML632279465.wav	2
15	Spectrogram 1	1	23.747838935	24.038224798	1115.246	2007.442	Procnias_averano-ML632279465.wav	2
16	Waveform 1	1	24.181113080	24.356266458	892.197	2198.627	Procnias_averano-ML632279465.wav	2
16	Spectrogram 1	1	24.181113080	24.356266458	892.197	2198.627	Procnias_averano-ML632279465.wav	2
17	Waveform 1	1	33.825366401	33.977473281	1051.517	1879.986	Procnias_averano-ML632279465.wav	2
17	Spectrogram 1	1	33.825366401	33.977473281	1051.517	1879.986	Procnias_averano-ML632279465.wav	2
18	Waveform 1	1	34.164149908	34.419966025	955.925	2198.627	Procnias_averano-ML632279465.wav	2
18	Spectrogram 1	1	34.164149908	34.419966025	955.925	2198.627	Procnias_averano-ML632279465.wav	2
19	Waveform 1	1	34.569768256	34.765663482	1019.653	2198.627	Procnias_averano-ML632279465.wav	2
19	Spectrogram 1	1	34.569768256	34.765663482	1019.653	2198.627	Procnias_averano-ML632279465.wav	2
20	Waveform 1	1	34.924684311	35.155149282	1051.517	2357.948	Procnias_averano-ML632279465.wav	2
20	Spectrogram 1	1	34.924684311	35.155149282	1051.517	2357.948	Procnias_averano-ML632279465.wav	2
21	Waveform 1	1	37.375382785	37.568973361	860.332	1943.714	Procnias_averano-ML632279465.wav	2
21	Spectrogram 1	1	37.375382785	37.568973361	860.332	1943.714	Procnias_averano-ML632279465.wav	2
22	Waveform 1	1	37.603543106	37.781001134	828.468	2230.491	Procnias_averano-ML632279465.wav	2
22	Spectrogram 1	1	37.603543106	37.781001134	828.468	2230.491	Procnias_averano-ML632279465.wav	2
23	Waveform 1	1	37.974591709	38.161268336	1051.517	1911.850	Procnias_averano-ML632279465.wav	2
23	Spectrogram 1	1	37.974591709	38.161268336	1051.517	1911.850	Procnias_averano-ML632279465.wav	2
24	Waveform 1	1	38.368686809	38.564582034	1083.382	2166.763	Procnias_averano-ML632279465.wav	2
24	Spectrogram 1	1	38.368686809	38.564582034	1083.382	2166.763	Procnias_averano-ML632279465.wav	2
25	Waveform 1	1	42.194989914	42.271043355	892.197	5161.994	Procnias_averano-ML632279465.wav	1
25	Spectrogram 1	1	42.194989914	42.271043355	892.197	5161.994	Procnias_averano-ML632279465.wav	1
26	Waveform 1	1	64.323198901	64.438431386	828.468	2103.035	Procnias_averano-ML632279465.wav	2
26	Spectrogram 1	1	64.323198901	64.438431386	828.468	2103.035	Procnias_averano-ML632279465.wav	2
27	Waveform 1	1	64.726512600	64.841745085	955.925	2039.306	Procnias_averano-ML632279465.wav	2
27	Spectrogram 1	1	64.726512600	64.841745085	955.925	2039.306	Procnias_averano-ML632279465.wav	2
28	Waveform 1	1	65.099865853	65.215098338	1019.653	2166.763	Procnias_averano-ML632279465.wav	2
28	Spectrogram 1	1	65.099865853	65.215098338	1019.653	2166.763	Procnias_averano-ML632279465.wav	2
29	Waveform 1	1	65.497283646	65.621734731	828.468	2230.491	Procnias_averano-ML632279465.wav	2
29	Spectrogram 1	1	65.497283646	65.621734731	828.468	2230.491	Procnias_averano-ML632279465.wav	2
30	Waveform 1	1	75.042512770	75.180791753	828.468	2549.133	Procnias_averano-ML632279465.wav	2
30	Spectrogram 1	1	75.042512770	75.180791753	828.468	2549.133	Procnias_averano-ML632279465.wav	2
31	Waveform 1	1	75.792193912	75.959281016	1051.517	2485.405	Procnias_averano-ML632279465.wav	2
31	Spectrogram 1	1	75.792193912	75.959281016	1051.517	2485.405	Procnias_averano-ML632279465.wav	2
32	Waveform 1	1	76.135586718	76.379879587	828.468	2772.182	Procnias_averano-ML632279465.wav	2
32	Spectrogram 1	1	76.135586718	76.379879587	828.468	2772.182	Procnias_averano-ML632279465.wav	2
33	Waveform 1	1	77.995257621	78.304887974	856.192	1892.635	Procnias_averano-ML632279465.wav	2
33	Spectrogram 1	1	77.995257621	78.304887974	856.192	1892.635	Procnias_averano-ML632279465.wav	2
34	Waveform 1	1	78.412443781	78.594962725	1081.506	1982.760	Procnias_averano-ML632279465.wav	2
34	Spectrogram 1	1	78.412443781	78.594962725	1081.506	1982.760	Procnias_averano-ML632279465.wav	2
35	Waveform 1	1	78.709037066	79.018667419	1126.568	2478.450	Procnias_averano-ML632279465.wav	2
35	Spectrogram 1	1	78.709037066	79.018667419	1126.568	2478.450	Procnias_averano-ML632279465.wav	2
36	Waveform 1	1	79.122963959	79.360890441	1036.443	1915.166	Procnias_averano-ML632279465.wav	2
36	Spectrogram 1	1	79.122963959	79.360890441	1036.443	1915.166	Procnias_averano-ML632279465.wav	2
37	Waveform 1	1	79.488001849	79.765039533	1149.100	1892.635	Procnias_averano-ML632279465.wav	2
37	Spectrogram 1	1	79.488001849	79.765039533	1149.100	1892.635	Procnias_averano-ML632279465.wav	2
38	Waveform 1	1	80.610026247	80.854471263	968.849	2072.886	Procnias_averano-ML632279465.wav	2
38	Spectrogram 1	1	80.610026247	80.854471263	968.849	2072.886	Procnias_averano-ML632279465.wav	2
39	Waveform 1	1	80.988101205	81.242324021	991.380	1982.760	Procnias_averano-ML632279465.wav	2
39	Spectrogram 1	1	80.988101205	81.242324021	991.380	1982.760	Procnias_averano-ML632279465.wav	2
40	Waveform 1	1	81.362916895	81.574769242	1126.568	1802.509	Procnias_averano-ML632279465.wav	2
40	Spectrogram 1	1	81.362916895	81.574769242	1126.568	1802.509	Procnias_averano-ML632279465.wav	2
41	Waveform 1	1	81.744251120	81.949584933	1261.756	1870.103	Procnias_averano-ML632279465.wav	2
41	Spectrogram 1	1	81.744251120	81.949584933	1261.756	1870.103	Procnias_averano-ML632279465.wav	2
42	Waveform 1	1	82.135363144	82.285289421	1081.506	1937.697	Procnias_averano-ML632279465.wav	2
42	Spectrogram 1	1	82.135363144	82.285289421	1081.506	1937.697	Procnias_averano-ML632279465.wav	2
43	Waveform 1	1	86.632382629	86.801864507	1104.037	1734.915	Procnias_averano-ML632279465.wav	2
43	Spectrogram 1	1	86.632382629	86.801864507	1104.037	1734.915	Procnias_averano-ML632279465.wav	2
44	Waveform 1	1	87.030013188	87.212532133	1104.037	1892.635	Procnias_averano-ML632279465.wav	2
44	Spectrogram 1	1	87.030013188	87.212532133	1104.037	1892.635	Procnias_averano-ML632279465.wav	2
