Selection	View	Channel	Begin Time (s)	End Time (s)	Low Freq (Hz)	High Freq (Hz)	Begin File	Tipo
1	Waveform 1	1	2.193134792	2.319454933	828.169	3985.563	Procnias_averano-ML617345585.wav	2
1	Spectrogram 1	1	2.193134792	2.319454933	828.169	3985.563	Procnias_averano-ML617345585.wav	2
2	Waveform 1	1	2.709643813	2.827542611	828.169	4192.606	Procnias_averano-ML617345585.wav	2
2	Spectrogram 1	1	2.709643813	2.827542611	828.169	4192.606	Procnias_averano-ML617345585.wav	2
3	Waveform 1	1	3.203695920	3.293523575	879.930	4089.085	Procnias_averano-ML617345585.wav	2
3	Spectrogram 1	1	3.203695920	3.293523575	879.930	4089.085	Procnias_averano-ML617345585.wav	2
4	Waveform 1	1	3.659772663	3.769250119	931.690	3985.563	Procnias_averano-ML617345585.wav	2
4	Spectrogram 1	1	3.659772663	3.769250119	931.690	3985.563	Procnias_averano-ML617345585.wav	2
5	Waveform 1	1	4.620138874	4.740844787	1035.211	3675.000	Procnias_averano-ML617345585.wav	2
5	Spectrogram 1	1	4.620138874	4.740844787	1035.211	3675.000	Procnias_averano-ML617345585.wav	2
6	Waveform 1	1	5.077698496	5.187175952	983.451	4037.324	Procnias_averano-ML617345585.wav	2
6	Spectrogram 1	1	5.077698496	5.187175952	983.451	4037.324	Procnias_averano-ML617345585.wav	2
7	Waveform 1	1	5.509994090	5.625085774	931.690	3985.563	Procnias_averano-ML617345585.wav	2
7	Spectrogram 1	1	5.509994090	5.625085774	931.690	3985.563	Procnias_averano-ML617345585.wav	2
8	Waveform 1	1	5.946878246	6.067584159	931.690	4037.324	Procnias_averano-ML617345585.wav	2
8	Spectrogram 1	1	5.946878246	6.067584159	931.690	4037.324	Procnias_averano-ML617345585.wav	2
9	Waveform 1	1	6.362331154	6.474615724	931.690	4089.085	Procnias_averano-ML617345585.wav	2
9	Spectrogram 1	1	6.362331154	6.474615724	931.690	4089.085	Procnias_averano-ML617345585.wav	2
10	Waveform 1	1	6.784467108	6.919208592	931.690	4037.324	Procnias_averano-ML617345585.wav	2
10	Spectrogram 1	1	6.784467108	6.919208592	931.690	4037.324	Procnias_averano-ML617345585.wav	2
11	Waveform 1	1	7.216762702	7.329047271	828.169	4296.127	Procnias_averano-ML617345585.wav	2
11	Spectrogram 1	1	7.216762702	7.329047271	828.169	4296.127	Procnias_averano-ML617345585.wav	2
12	Waveform 1	1	7.636102802	7.739966029	828.169	3778.521	Procnias_averano-ML617345585.wav	2
12	Spectrogram 1	1	7.636102802	7.739966029	828.169	3778.521	Procnias_averano-ML617345585.wav	2
13	Waveform 1	1	8.078612710	8.188090165	931.690	3830.282	Procnias_averano-ML617345585.wav	2
13	Spectrogram 1	1	8.078612710	8.188090165	931.690	3830.282	Procnias_averano-ML617345585.wav	2
14	Waveform 1	1	8.471608704	8.592314616	828.169	3882.042	Procnias_averano-ML617345585.wav	2
14	Spectrogram 1	1	8.471608704	8.592314616	828.169	3882.042	Procnias_averano-ML617345585.wav	2
15	Waveform 1	1	8.893733397	9.028474880	931.690	3623.239	Procnias_averano-ML617345585.wav	2
15	Spectrogram 1	1	8.893733397	9.028474880	931.690	3623.239	Procnias_averano-ML617345585.wav	2
16	Waveform 1	1	9.311993419	9.443927788	828.169	4140.845	Procnias_averano-ML617345585.wav	2
16	Spectrogram 1	1	9.311993419	9.443927788	828.169	4140.845	Procnias_averano-ML617345585.wav	2
17	Waveform 1	1	9.747096127	9.890258953	724.648	4244.366	Procnias_averano-ML617345585.wav	2
17	Spectrogram 1	1	9.747096127	9.890258953	724.648	4244.366	Procnias_averano-ML617345585.wav	2
18	Waveform 1	1	10.156745060	10.266222516	931.690	3985.563	Procnias_averano-ML617345585.wav	2
18	Spectrogram 1	1	10.156745060	10.266222516	931.690	3985.563	Procnias_averano-ML617345585.wav	2
19	Waveform 1	1	10.558162397	10.678868309	879.930	3985.563	Procnias_averano-ML617345585.wav	2
19	Spectrogram 1	1	10.558162397	10.678868309	879.930	3985.563	Procnias_averano-ML617345585.wav	2
20	Waveform 1	1	10.957551449	11.117556961	1138.732	4140.845	Procnias_averano-ML617345585.wav	2
20	Spectrogram 1	1	10.957551449	11.117556961	1138.732	4140.845	Procnias_averano-ML617345585.wav	2
21	Waveform 1	1	11.370197243	11.507745841	983.451	4089.085	Procnias_averano-ML617345585.wav	2
21	Spectrogram 1	1	11.370197243	11.507745841	983.451	4089.085	Procnias_averano-ML617345585.wav	2
22	Waveform 1	1	11.782843037	11.897934721	879.930	4037.324	Procnias_averano-ML617345585.wav	2
22	Spectrogram 1	1	11.782843037	11.897934721	879.930	4037.324	Procnias_averano-ML617345585.wav	2
23	Waveform 1	1	12.201103059	12.355494342	1242.254	3830.282	Procnias_averano-ML617345585.wav	2
23	Spectrogram 1	1	12.201103059	12.355494342	1242.254	3830.282	Procnias_averano-ML617345585.wav	2
